  4.25968E-03,  4.40023E-03,  4.54767E-03,  4.70241E-03,  4.86486E-03,  5.03545E-03,  5.21455E-03,  5.40250E-03,  5.59959E-03,  5.80598E-03,  6.02171E-03,  6.24662E-03,  6.48031E-03,  6.72205E-03,  6.97079E-03,  7.22498E-03,  7.48260E-03,  7.74107E-03,  7.99724E-03,  8.24737E-03,  8.48726E-03,  8.71228E-03,  8.91763E-03,  9.09860E-03,  9.25084E-03,  9.37074E-03,  9.45578E-03,  9.50477E-03,  9.51813E-03,  9.49788E-03,  9.44756E-03,  9.37200E-03,  9.27695E-03,  9.16860E-03,  9.05313E-03,  8.93627E-03,  8.82289E-03,  8.71673E-03,  8.62019E-03,  8.53422E-03,  8.45824E-03,  8.39019E-03,  8.32658E-03,  8.26265E-03,  8.19260E-03,  8.10989E-03,  8.00768E-03,  7.87929E-03,  7.71871E-03,  7.52109E-03,  7.28310E-03,  7.00325E-03,  6.68195E-03,  6.32146E-03,  5.92567E-03,  5.49980E-03,  5.04997E-03,  4.58286E-03,  4.10525E-03,  3.62379E-03,  3.14467E-03,  2.67349E-03,  2.21511E-03,  1.77362E-03,  1.35235E-03,  9.53851E-04,  5.79976E-04,  2.31941E-04, -8.96058E-05, -3.84510E-04, -6.53035E-04, -8.95790E-04, -1.11366E-03, -1.30776E-03, -1.47936E-03, -1.62982E-03, -1.76062E-03, -1.87321E-03, -1.96910E-03, -2.04973E-03, -2.11651E-03, -2.17080E-03, -2.21386E-03, -2.24689E-03, -2.27100E-03, -2.28723E-03, -2.29649E-03, -2.29965E-03, -2.29747E-03, -2.29066E-03, -2.27983E-03, -2.26554E-03, -2.24828E-03, -2.22850E-03, -2.20659E-03, -2.18287E-03, -2.15766E-03, -2.13123E-03,
  4.39180E-03,  4.54122E-03,  4.69838E-03,  4.86381E-03,  5.03806E-03,  5.22170E-03,  5.41526E-03,  5.61929E-03,  5.83424E-03,  6.06051E-03,  6.29833E-03,  6.54776E-03,  6.80858E-03,  7.08023E-03,  7.36173E-03,  7.65156E-03,  7.94756E-03,  8.24687E-03,  8.54584E-03,  8.84003E-03,  9.12425E-03,  9.39268E-03,  9.63909E-03,  9.85722E-03,  1.00411E-02,  1.01858E-02,  1.02875E-02,  1.03445E-02,  1.03569E-02,  1.03272E-02,  1.02603E-02,  1.01625E-02,  1.00416E-02,  9.90598E-03,  9.76410E-03,  9.62363E-03,  9.49111E-03,  9.37156E-03,  9.26820E-03,  9.18231E-03,  9.11323E-03,  9.05831E-03,  9.01302E-03,  8.97111E-03,  8.92489E-03,  8.86563E-03,  8.78410E-03,  8.67123E-03,  8.51885E-03,  8.32034E-03,  8.07121E-03,  7.76946E-03,  7.41574E-03,  7.01315E-03,  6.56697E-03,  6.08416E-03,  5.57275E-03,  5.04134E-03,  4.49855E-03,  3.95260E-03,  3.41106E-03,  2.88058E-03,  2.36682E-03,  1.87442E-03,  1.40703E-03,  9.67357E-04,  5.57245E-04,  1.77793E-04, -1.70558E-04, -4.87923E-04, -7.74880E-04, -1.03238E-03, -1.26168E-03, -1.46423E-03, -1.64166E-03, -1.79570E-03, -1.92812E-03, -2.04069E-03, -2.13519E-03, -2.21330E-03, -2.27668E-03, -2.32686E-03, -2.36529E-03, -2.39332E-03, -2.41217E-03, -2.42298E-03, -2.42677E-03, -2.42446E-03, -2.41688E-03, -2.40476E-03, -2.38877E-03, -2.36948E-03, -2.34741E-03, -2.32300E-03, -2.29665E-03, -2.26870E-03, -2.23946E-03, -2.20918E-03,
  4.52638E-03,  4.68495E-03,  4.85218E-03,  5.02874E-03,  5.21531E-03,  5.41264E-03,  5.62148E-03,  5.84258E-03,  6.07665E-03,  6.32437E-03,  6.58624E-03,  6.86264E-03,  7.15363E-03,  7.45893E-03,  7.77775E-03,  8.10868E-03,  8.44955E-03,  8.79726E-03,  9.14768E-03,  9.49557E-03,  9.83458E-03,  1.01574E-02,  1.04558E-02,  1.07216E-02,  1.09465E-02,  1.11234E-02,  1.12469E-02,  1.13139E-02,  1.13243E-02,  1.12813E-02,  1.11910E-02,  1.10621E-02,  1.09054E-02,  1.07323E-02,  1.05541E-02,  1.03815E-02,  1.02230E-02,  1.00856E-02,  9.97348E-03,  9.88841E-03,  9.82961E-03,  9.79370E-03,  9.77482E-03,  9.76477E-03,  9.75332E-03,  9.72875E-03,  9.67853E-03,  9.59030E-03,  9.45284E-03,  9.25712E-03,  8.99707E-03,  8.67010E-03,  8.27727E-03,  7.82306E-03,  7.31478E-03,  6.76184E-03,  6.17493E-03,  5.56523E-03,  4.94372E-03,  4.32064E-03,  3.70516E-03,  3.10516E-03,  2.52717E-03,  1.97636E-03,  1.45663E-03,  9.70759E-04,  5.20474E-04,  1.06637E-04, -2.70637E-04, -6.11851E-04, -9.18008E-04, -1.19051E-03, -1.43105E-03, -1.64154E-03, -1.82404E-03, -1.98068E-03, -2.11362E-03, -2.22498E-03, -2.31685E-03, -2.39122E-03, -2.44996E-03, -2.49485E-03, -2.52752E-03, -2.54947E-03, -2.56206E-03, -2.56654E-03, -2.56401E-03, -2.55546E-03, -2.54177E-03, -2.52373E-03, -2.50201E-03, -2.47722E-03, -2.44987E-03, -2.42043E-03, -2.38930E-03, -2.35680E-03, -2.32324E-03, -2.28887E-03,
  4.66323E-03,  4.83122E-03,  5.00884E-03,  5.19689E-03,  5.39626E-03,  5.60787E-03,  5.83272E-03,  6.07183E-03,  6.32624E-03,  6.59695E-03,  6.88488E-03,  7.19079E-03,  7.51519E-03,  7.85820E-03,  8.21943E-03,  8.59775E-03,  8.99112E-03,  9.39635E-03,  9.80888E-03,  1.02227E-02,  1.06300E-02,  1.10216E-02,  1.13870E-02,  1.17148E-02,  1.19939E-02,  1.22139E-02,  1.23666E-02,  1.24471E-02,  1.24546E-02,  1.23928E-02,  1.22699E-02,  1.20979E-02,  1.18913E-02,  1.16660E-02,  1.14378E-02,  1.12208E-02,  1.10271E-02,  1.08654E-02,  1.07418E-02,  1.06584E-02,  1.06144E-02,  1.06055E-02,  1.06242E-02,  1.06596E-02,  1.06981E-02,  1.07240E-02,  1.07201E-02,  1.06693E-02,  1.05563E-02,  1.03684E-02,  1.00976E-02,  9.74060E-03,  9.29928E-03,  8.78023E-03,  8.19382E-03,  7.55304E-03,  6.87227E-03,  6.16617E-03,  5.44875E-03,  4.73275E-03,  4.02926E-03,  3.34751E-03,  2.69488E-03,  2.07701E-03,  1.49795E-03,  9.60349E-04,  4.65677E-04,  1.43870E-05, -3.93892E-04, -7.60201E-04, -1.08611E-03, -1.37358E-03, -1.62489E-03, -1.84249E-03, -2.02896E-03, -2.18692E-03, -2.31896E-03, -2.42764E-03, -2.51539E-03, -2.58452E-03, -2.63720E-03, -2.67542E-03, -2.70104E-03, -2.71570E-03, -2.72092E-03, -2.71805E-03, -2.70827E-03, -2.69265E-03, -2.67211E-03, -2.64747E-03, -2.61943E-03, -2.58861E-03, -2.55553E-03, -2.52065E-03, -2.48436E-03, -2.44700E-03, -2.40885E-03, -2.37015E-03,
  4.80218E-03,  4.97981E-03,  5.16808E-03,  5.36795E-03,  5.58049E-03,  5.80688E-03,  6.04839E-03,  6.30637E-03,  6.58224E-03,  6.87743E-03,  7.19336E-03,  7.53136E-03,  7.89254E-03,  8.27765E-03,  8.68690E-03,  9.11974E-03,  9.57453E-03,  1.00482E-02,  1.05360E-02,  1.10311E-02,  1.15243E-02,  1.20040E-02,  1.24567E-02,  1.28669E-02,  1.32190E-02,  1.34980E-02,  1.36915E-02,  1.37914E-02,  1.37954E-02,  1.37078E-02,  1.35394E-02,  1.33068E-02,  1.30304E-02,  1.27323E-02,  1.24344E-02,  1.21561E-02,  1.19137E-02,  1.17191E-02,  1.15798E-02,  1.14992E-02,  1.14761E-02,  1.15052E-02,  1.15767E-02,  1.16765E-02,  1.17864E-02,  1.18850E-02,  1.19487E-02,  1.19536E-02,  1.18783E-02,  1.17053E-02,  1.14235E-02,  1.10292E-02,  1.05257E-02,  9.92300E-03,  9.23617E-03,  8.48339E-03,  7.68422E-03,  6.85801E-03,  6.02270E-03,  5.19407E-03,  4.38535E-03,  3.60720E-03,  2.86776E-03,  2.17295E-03,  1.52672E-03,  9.31399E-04,  3.87911E-04, -1.03916E-04, -5.45150E-04, -9.37560E-04, -1.28345E-03, -1.58552E-03, -1.84673E-03, -2.07020E-03, -2.25914E-03, -2.41674E-03, -2.54613E-03, -2.65030E-03, -2.73213E-03, -2.79427E-03, -2.83920E-03, -2.86919E-03, -2.88627E-03, -2.89230E-03, -2.88892E-03, -2.87758E-03, -2.85955E-03, -2.83597E-03, -2.80778E-03, -2.77584E-03, -2.74086E-03, -2.70346E-03, -2.66417E-03, -2.62344E-03, -2.58164E-03, -2.53910E-03, -2.49609E-03, -2.45282E-03,
  4.94306E-03,  5.13051E-03,  5.32962E-03,  5.54154E-03,  5.76756E-03,  6.00913E-03,  6.26783E-03,  6.54539E-03,  6.84368E-03,  7.16469E-03,  7.51048E-03,  7.88308E-03,  8.28445E-03,  8.71624E-03,  9.17963E-03,  9.67500E-03,  1.02015E-02,  1.07568E-02,  1.13361E-02,  1.19320E-02,  1.25340E-02,  1.31277E-02,  1.36957E-02,  1.42171E-02,  1.46699E-02,  1.50319E-02,  1.52843E-02,  1.54135E-02,  1.54144E-02,  1.52917E-02,  1.50597E-02,  1.47417E-02,  1.43666E-02,  1.39659E-02,  1.35702E-02,  1.32065E-02,  1.28967E-02,  1.26565E-02,  1.24961E-02,  1.24195E-02,  1.24255E-02,  1.25074E-02,  1.26529E-02,  1.28436E-02,  1.30553E-02,  1.32584E-02,  1.34202E-02,  1.35070E-02,  1.34883E-02,  1.33396E-02,  1.30458E-02,  1.26026E-02,  1.20163E-02,  1.13027E-02,  1.04837E-02,  9.58543E-03,  8.63471E-03,  7.65718E-03,  6.67572E-03,  5.70972E-03,  4.77475E-03,  3.88274E-03,  3.04234E-03,  2.25940E-03,  1.53740E-03,  8.77937E-04,  2.81091E-04, -2.54254E-04, -7.30135E-04, -1.14929E-03, -1.51496E-03, -1.83075E-03, -2.10049E-03, -2.32810E-03, -2.51753E-03, -2.67264E-03, -2.79716E-03, -2.89464E-03, -2.96839E-03, -3.02149E-03, -3.05673E-03, -3.07667E-03, -3.08357E-03, -3.07946E-03, -3.06611E-03, -3.04509E-03, -3.01774E-03, -2.98523E-03, -2.94857E-03, -2.90860E-03, -2.86604E-03, -2.82152E-03, -2.77555E-03, -2.72855E-03, -2.68089E-03, -2.63287E-03, -2.58473E-03, -2.53667E-03,
  5.08573E-03,  5.28310E-03,  5.49318E-03,  5.71731E-03,  5.95701E-03,  6.21402E-03,  6.49026E-03,  6.78793E-03,  7.10941E-03,  7.45736E-03,  7.83462E-03,  8.24416E-03,  8.68905E-03,  9.17221E-03,  9.69621E-03,  1.02629E-02,  1.08730E-02,  1.15252E-02,  1.22158E-02,  1.29374E-02,  1.36781E-02,  1.44210E-02,  1.51433E-02,  1.58175E-02,  1.64119E-02,  1.68940E-02,  1.72341E-02,  1.74099E-02,  1.74106E-02,  1.72404E-02,  1.69189E-02,  1.64790E-02,  1.59629E-02,  1.54159E-02,  1.48818E-02,  1.43980E-02,  1.39942E-02,  1.36912E-02,  1.35014E-02,  1.34302E-02,  1.34763E-02,  1.36314E-02,  1.38803E-02,  1.41993E-02,  1.45560E-02,  1.49099E-02,  1.52144E-02,  1.54215E-02,  1.54866E-02,  1.53749E-02,  1.50658E-02,  1.45549E-02,  1.38543E-02,  1.29886E-02,  1.19917E-02,  1.09007E-02,  9.75312E-03,  8.58280E-03,  7.41880E-03,  6.28447E-03,  5.19763E-03,  4.17110E-03,  3.21347E-03,  2.32988E-03,  1.52277E-03,  7.92491E-04,  1.37787E-04, -4.43792E-04, -9.55590E-04, -1.40160E-03, -1.78626E-03, -2.11429E-03, -2.39056E-03, -2.61996E-03, -2.80730E-03, -2.95724E-03, -3.07419E-03, -3.16232E-03, -3.22546E-03, -3.26711E-03, -3.29044E-03, -3.29828E-03, -3.29315E-03, -3.27723E-03, -3.25244E-03, -3.22043E-03, -3.18261E-03, -3.14018E-03, -3.09417E-03, -3.04542E-03, -2.99466E-03, -2.94247E-03, -2.88934E-03, -2.83568E-03, -2.78181E-03, -2.72802E-03, -2.67450E-03, -2.62145E-03,
  5.23006E-03,  5.43742E-03,  5.65854E-03,  5.89493E-03,  6.14838E-03,  6.42092E-03,  6.71488E-03,  7.03293E-03,  7.37810E-03,  7.75378E-03,  8.16379E-03,  8.61229E-03,  9.10376E-03,  9.64283E-03,  1.02341E-02,  1.08816E-02,  1.15885E-02,  1.23558E-02,  1.31818E-02,  1.40602E-02,  1.49789E-02,  1.59183E-02,  1.68501E-02,  1.77375E-02,  1.85356E-02,  1.91959E-02,  1.96713E-02,  1.99237E-02,  1.99322E-02,  1.96986E-02,  1.92494E-02,  1.86329E-02,  1.79117E-02,  1.71533E-02,  1.64207E-02,  1.57668E-02,  1.52313E-02,  1.48407E-02,  1.46102E-02,  1.45461E-02,  1.46469E-02,  1.49032E-02,  1.52965E-02,  1.57970E-02,  1.63619E-02,  1.69348E-02,  1.74490E-02,  1.78336E-02,  1.80227E-02,  1.79652E-02,  1.76326E-02,  1.70224E-02,  1.61567E-02,  1.50765E-02,  1.38334E-02,  1.24824E-02,  1.10753E-02,  9.65682E-03,  8.26326E-03,  6.92196E-03,  5.65231E-03,  4.46707E-03,  3.37373E-03,  2.37576E-03,  1.47367E-03,  6.65813E-04, -5.09906E-05, -6.81037E-04, -1.22939E-03, -1.70165E-03, -2.10373E-03, -2.44173E-03, -2.72175E-03, -2.94984E-03, -3.13182E-03, -3.27326E-03, -3.37937E-03, -3.45499E-03, -3.50452E-03, -3.53194E-03, -3.54082E-03, -3.53427E-03, -3.51505E-03, -3.48550E-03, -3.44767E-03, -3.40328E-03, -3.35379E-03, -3.30041E-03, -3.24417E-03, -3.18590E-03, -3.12628E-03, -3.06588E-03, -3.00514E-03, -2.94444E-03, -2.88405E-03, -2.82422E-03, -2.76511E-03, -2.70687E-03,
  5.37598E-03,  5.59336E-03,  5.82549E-03,  6.07411E-03,  6.34124E-03,  6.62923E-03,  6.94085E-03,  7.27929E-03,  7.64827E-03,  8.05207E-03,  8.49564E-03,  8.98457E-03,  9.52516E-03,  1.01243E-02,  1.07893E-02,  1.15275E-02,  1.23455E-02,  1.32486E-02,  1.42388E-02,  1.53130E-02,  1.64608E-02,  1.76613E-02,  1.88809E-02,  2.00711E-02,  2.11688E-02,  2.21008E-02,  2.27913E-02,  2.31747E-02,  2.32098E-02,  2.28919E-02,  2.22572E-02,  2.13788E-02,  2.03530E-02,  1.92827E-02,  1.82614E-02,  1.73639E-02,  1.66425E-02,  1.61298E-02,  1.58427E-02,  1.57875E-02,  1.59625E-02,  1.63579E-02,  1.69531E-02,  1.77122E-02,  1.85790E-02,  1.94748E-02,  2.03018E-02,  2.09529E-02,  2.13269E-02,  2.13466E-02,  2.09724E-02,  2.02074E-02,  1.90936E-02,  1.76998E-02,  1.61077E-02,  1.43985E-02,  1.26443E-02,  1.09035E-02,  9.21987E-03,  7.62367E-03,  6.13424E-03,  4.76241E-03,  3.51282E-03,  2.38575E-03,  1.37855E-03,  4.86606E-04, -2.95991E-04, -9.75990E-04, -1.56067E-03, -2.05762E-03, -2.47458E-03, -2.81928E-03, -3.09934E-03, -3.32211E-03, -3.49462E-03, -3.62348E-03, -3.71479E-03, -3.77415E-03, -3.80660E-03, -3.81662E-03, -3.80817E-03, -3.78467E-03, -3.74910E-03, -3.70396E-03, -3.65139E-03, -3.59316E-03, -3.53075E-03, -3.46537E-03, -3.39801E-03, -3.32947E-03, -3.26038E-03, -3.19126E-03, -3.12249E-03, -3.05440E-03, -2.98720E-03, -2.92110E-03, -2.85620E-03, -2.79262E-03,
  5.52348E-03,  5.75085E-03,  5.99393E-03,  6.25463E-03,  6.53524E-03,  6.83844E-03,  7.16740E-03,  7.52590E-03,  7.91839E-03,  8.35017E-03,  8.82746E-03,  9.35759E-03,  9.94906E-03,  1.06116E-02,  1.13562E-02,  1.21947E-02,  1.31391E-02,  1.42009E-02,  1.53889E-02,  1.67070E-02,  1.81501E-02,  1.96998E-02,  2.13190E-02,  2.29465E-02,  2.44949E-02,  2.58530E-02,  2.68971E-02,  2.75114E-02,  2.76149E-02,  2.71860E-02,  2.62748E-02,  2.49959E-02,  2.35045E-02,  2.19629E-02,  2.05135E-02,  1.92624E-02,  1.82771E-02,  1.75939E-02,  1.72280E-02,  1.71836E-02,  1.74586E-02,  1.80450E-02,  1.89236E-02,  2.00544E-02,  2.13658E-02,  2.27474E-02,  2.40525E-02,  2.51130E-02,  2.57677E-02,  2.58954E-02,  2.54403E-02,  2.44204E-02,  2.29167E-02,  2.10489E-02,  1.89481E-02,  1.67357E-02,  1.45113E-02,  1.23486E-02,  1.02972E-02,  8.38737E-03,  6.63473E-03,  5.04488E-03,  3.61680E-03,  2.34541E-03,  1.22318E-03,  2.41269E-04, -6.09906E-04, -1.34026E-03, -1.95986E-03, -2.47873E-03, -2.90679E-03, -3.25375E-03, -3.52896E-03, -3.74134E-03, -3.89930E-03, -4.01062E-03, -4.08243E-03, -4.12115E-03, -4.13250E-03, -4.12150E-03, -4.09250E-03, -4.04923E-03, -3.99486E-03, -3.93203E-03, -3.86292E-03, -3.78935E-03, -3.71276E-03, -3.63434E-03, -3.55500E-03, -3.47547E-03, -3.39634E-03, -3.31802E-03, -3.24084E-03, -3.16505E-03, -3.09080E-03, -3.01823E-03, -2.94739E-03, -2.87834E-03,
  5.67266E-03,  5.90997E-03,  6.16386E-03,  6.43644E-03,  6.73020E-03,  7.04815E-03,  7.39388E-03,  7.77175E-03,  8.18700E-03,  8.64598E-03,  9.15638E-03,  9.72748E-03,  1.03704E-02,  1.10985E-02,  1.19274E-02,  1.28747E-02,  1.39605E-02,  1.52054E-02,  1.66296E-02,  1.82495E-02,  2.00727E-02,  2.20909E-02,  2.42702E-02,  2.65396E-02,  2.87809E-02,  3.08265E-02,  3.24711E-02,  3.35053E-02,  3.37669E-02,  3.31940E-02,  3.18557E-02,  2.99416E-02,  2.77131E-02,  2.54385E-02,  2.33400E-02,  2.15683E-02,  2.02057E-02,  1.92845E-02,  1.88097E-02,  1.87778E-02,  1.91866E-02,  2.00348E-02,  2.13128E-02,  2.29842E-02,  2.49632E-02,  2.70952E-02,  2.91536E-02,  3.08643E-02,  3.19575E-02,  3.22336E-02,  3.16135E-02,  3.01519E-02,  2.80093E-02,  2.53992E-02,  2.25369E-02,  1.96042E-02,  1.67350E-02,  1.40167E-02,  1.14991E-02,  9.20490E-03,  7.13931E-03,  5.29711E-03,  3.66743E-03,  2.23669E-03,  9.90330E-04, -8.62805E-05, -1.00748E-03, -1.78716E-03, -2.43875E-03, -2.97525E-03, -3.40915E-03, -3.75245E-03, -4.01657E-03, -4.21224E-03, -4.34943E-03, -4.43727E-03, -4.48401E-03, -4.49699E-03, -4.48264E-03, -4.44654E-03, -4.39344E-03, -4.32734E-03, -4.25155E-03, -4.16882E-03, -4.08134E-03, -3.99090E-03, -3.89888E-03, -3.80639E-03, -3.71425E-03, -3.62309E-03, -3.53339E-03, -3.44547E-03, -3.35956E-03, -3.27581E-03, -3.19433E-03, -3.11514E-03, -3.03825E-03, -2.96366E-03,
  5.82369E-03,  6.07088E-03,  6.33544E-03,  6.61961E-03,  6.92609E-03,  7.25818E-03,  7.61986E-03,  8.01605E-03,  8.45277E-03,  8.93750E-03,  9.47947E-03,  1.00902E-02,  1.07837E-02,  1.15777E-02,  1.24933E-02,  1.35562E-02,  1.47965E-02,  1.62489E-02,  1.79508E-02,  1.99403E-02,  2.22498E-02,  2.48965E-02,  2.78661E-02,  3.10899E-02,  3.44185E-02,  3.76026E-02,  4.02984E-02,  4.21181E-02,  4.27297E-02,  4.19752E-02,  3.99487E-02,  3.69823E-02,  3.35419E-02,  3.00904E-02,  2.69842E-02,  2.44352E-02,  2.25305E-02,  2.12781E-02,  2.06542E-02,  2.06368E-02,  2.12229E-02,  2.24281E-02,  2.42711E-02,  2.67394E-02,  2.97433E-02,  3.30689E-02,  3.63580E-02,  3.91426E-02,  4.09466E-02,  4.14222E-02,  4.04574E-02,  3.81954E-02,  3.49627E-02,  3.11521E-02,  2.71214E-02,  2.31398E-02,  1.93784E-02,  1.59273E-02,  1.28208E-02,  1.00593E-02,  7.62588E-03,  5.49556E-03,  3.64152E-03,  2.03763E-03,  6.59635E-04, -5.14648E-04, -1.50550E-03, -2.33161E-03, -3.01045E-03, -3.55843E-03, -3.99110E-03, -4.32313E-03, -4.56831E-03, -4.73947E-03, -4.84836E-03, -4.90565E-03, -4.92082E-03, -4.90220E-03, -4.85697E-03, -4.79125E-03, -4.71016E-03, -4.61792E-03, -4.51797E-03, -4.41306E-03, -4.30536E-03, -4.19655E-03, -4.08791E-03, -3.98040E-03, -3.87473E-03, -3.77136E-03, -3.67065E-03, -3.57280E-03, -3.47792E-03, -3.38605E-03, -3.29720E-03, -3.21131E-03, -3.12833E-03, -3.04816E-03,
  5.97688E-03,  6.23392E-03,  6.50900E-03,  6.80446E-03,  7.12318E-03,  7.46865E-03,  7.84525E-03,  8.25837E-03,  8.71480E-03,  9.22309E-03,  9.79409E-03,  1.04416E-02,  1.11830E-02,  1.20407E-02,  1.30427E-02,  1.42242E-02,  1.56290E-02,  1.73104E-02,  1.93318E-02,  2.17660E-02,  2.46904E-02,  2.81753E-02,  3.22605E-02,  3.69142E-02,  4.19739E-02,  4.70843E-02,  5.16694E-02,  5.49967E-02,  5.63696E-02,  5.53997E-02,  5.22094E-02,  4.74185E-02,  4.19066E-02,  3.65078E-02,  3.18047E-02,  2.80825E-02,  2.53984E-02,  2.36898E-02,  2.28656E-02,  2.28648E-02,  2.36825E-02,  2.53710E-02,  2.80136E-02,  3.16687E-02,  3.62778E-02,  4.15591E-02,  4.69351E-02,  5.15723E-02,  5.45804E-02,  5.53146E-02,  5.36181E-02,  4.98498E-02,  4.46929E-02,  3.88862E-02,  3.30275E-02,  2.75014E-02,  2.25010E-02,  1.80865E-02,  1.42430E-02,  1.09216E-02,  8.06293E-03,  5.60966E-03,  3.51073E-03,  1.72245E-03,  2.07798E-04, -1.06476E-03, -2.12260E-03, -2.99003E-03, -3.68913E-03, -4.24030E-03, -4.66256E-03, -4.97369E-03, -5.19024E-03, -5.32741E-03, -5.39904E-03, -5.41747E-03, -5.39355E-03, -5.33666E-03, -5.25475E-03, -5.15444E-03, -5.04119E-03, -4.91936E-03, -4.79242E-03, -4.66306E-03, -4.53332E-03, -4.40472E-03, -4.27837E-03, -4.15502E-03, -4.03518E-03, -3.91916E-03, -3.80713E-03, -3.69912E-03, -3.59512E-03, -3.49505E-03, -3.39879E-03, -3.30619E-03, -3.21712E-03, -3.13140E-03,
  6.13268E-03,  6.39961E-03,  6.68511E-03,  6.99160E-03,  7.32203E-03,  7.68010E-03,  8.07042E-03,  8.49881E-03,  8.97272E-03,  9.50170E-03,  1.00981E-02,  1.07781E-02,  1.15626E-02,  1.24790E-02,  1.35631E-02,  1.48614E-02,  1.64342E-02,  1.83596E-02,  2.07374E-02,  2.36930E-02,  2.73785E-02,  3.19641E-02,  3.76100E-02,  4.44014E-02,  5.22320E-02,  6.06445E-02,  6.86953E-02,  7.49852E-02,  7.80150E-02,  7.68270E-02,  7.15607E-02,  6.34577E-02,  5.42775E-02,  4.55785E-02,  3.83121E-02,  3.28149E-02,  2.90199E-02,  2.66942E-02,  2.56086E-02,  2.56271E-02,  2.67421E-02,  2.90744E-02,  3.28414E-02,  3.82691E-02,  4.54269E-02,  5.39913E-02,  6.30328E-02,  7.10117E-02,  7.61644E-02,  7.72079E-02,  7.39344E-02,  6.72388E-02,  5.85918E-02,  4.94039E-02,  4.06561E-02,  3.28515E-02,  2.61403E-02,  2.04748E-02,  1.57253E-02,  1.17468E-02,  8.40825E-03,  5.60184E-03,  3.24211E-03,  1.26216E-03, -3.90766E-04, -1.75925E-03, -2.87873E-03, -3.77979E-03, -4.48966E-03, -5.03324E-03, -5.43351E-03, -5.71185E-03, -5.88796E-03, -5.97983E-03, -6.00360E-03, -5.97352E-03, -5.90194E-03, -5.79931E-03, -5.67433E-03, -5.53410E-03, -5.38429E-03, -5.22932E-03, -5.07257E-03, -4.91656E-03, -4.76310E-03, -4.61346E-03, -4.46847E-03, -4.32861E-03, -4.19417E-03, -4.06520E-03, -3.94167E-03, -3.82342E-03, -3.71029E-03, -3.60203E-03, -3.49841E-03, -3.39918E-03, -3.30410E-03, -3.21292E-03,
  6.29169E-03,  6.56864E-03,  6.86458E-03,  7.18192E-03,  7.52365E-03,  7.89353E-03,  8.29633E-03,  8.73818E-03,  9.22701E-03,  9.77324E-03,  1.03906E-02,  1.10973E-02,  1.19178E-02,  1.28847E-02,  1.40418E-02,  1.54482E-02,  1.71837E-02,  1.93567E-02,  2.21148E-02,  2.56582E-02,  3.02543E-02,  3.62441E-02,  4.40228E-02,  5.39565E-02,  6.61845E-02,  8.02704E-02,  9.47701E-02,  1.07025E-01,  1.13718E-01,  1.12423E-01,  1.03221E-01,  8.88165E-02,  7.29404E-02,  5.85698E-02,  4.71909E-02,  3.90416E-02,  3.36968E-02,  3.05611E-02,  2.91477E-02,  2.91912E-02,  3.06782E-02,  3.38479E-02,  3.91653E-02,  4.72133E-02,  5.84205E-02,  7.25782E-02,  8.82580E-02,  1.02551E-01,  1.11754E-01,  1.13093E-01,  1.06340E-01,  9.37815E-02,  7.86798E-02,  6.37236E-02,  5.04279E-02,  3.93047E-02,  3.02774E-02,  2.30277E-02,  1.71966E-02,  1.24717E-02,  8.60919E-03,  5.42886E-03,  2.79971E-03,  6.26262E-04, -1.16248E-03, -2.62125E-03, -3.79411E-03, -4.71833E-03, -5.42677E-03, -5.94925E-03, -6.31332E-03, -6.54445E-03, -6.66603E-03, -6.69923E-03, -6.66286E-03, -6.57327E-03, -6.44439E-03, -6.28780E-03, -6.11290E-03, -5.92715E-03, -5.73630E-03, -5.54467E-03, -5.35543E-03, -5.17076E-03, -4.99213E-03, -4.82042E-03, -4.65610E-03, -4.49932E-03, -4.35004E-03, -4.20803E-03, -4.07301E-03, -3.94461E-03, -3.82246E-03, -3.70617E-03, -3.59536E-03, -3.48966E-03, -3.38873E-03, -3.29226E-03,
  6.45465E-03,  6.74193E-03,  7.04850E-03,  7.37670E-03,  7.72947E-03,  8.11054E-03,  8.52470E-03,  8.97819E-03,  9.47925E-03,  1.00389E-02,  1.06719E-02,  1.13983E-02,  1.22456E-02,  1.32513E-02,  1.44672E-02,  1.59653E-02,  1.78463E-02,  2.02535E-02,  2.33925E-02,  2.75616E-02,  3.31910E-02,  4.08870E-02,  5.14544E-02,  6.58370E-02,  8.48548E-02,  1.08568E-01,  1.35161E-01,  1.59775E-01,  1.74866E-01,  1.73935E-01,  1.56685E-01,  1.29648E-01,  1.01242E-01,  7.71286E-02,  5.92825E-02,  4.72989E-02,  3.98766E-02,  3.57211E-02,  3.39152E-02,  3.39957E-02,  3.59389E-02,  4.01622E-02,  4.75424E-02,  5.93453E-02,  7.68679E-02,  1.00559E-01,  1.28566E-01,  1.55423E-01,  1.72860E-01,  1.74241E-01,  1.59501E-01,  1.34811E-01,  1.07628E-01,  8.29106E-02,  6.26212E-02,  4.68234E-02,  3.47830E-02,  2.56136E-02,  1.85497E-02,  1.30153E-02,  8.60577E-03,  5.04554E-03,  2.14814E-03, -2.14251E-04, -2.13201E-03, -3.67214E-03, -4.88730E-03, -5.82152E-03, -6.51353E-03, -6.99863E-03, -7.30951E-03, -7.47640E-03, -7.52697E-03, -7.48609E-03, -7.37558E-03, -7.21416E-03, -7.01743E-03, -6.79807E-03, -6.56608E-03, -6.32912E-03, -6.09284E-03, -5.86127E-03, -5.63714E-03, -5.42214E-03, -5.21724E-03, -5.02279E-03, -4.83881E-03, -4.66501E-03, -4.50094E-03, -4.34606E-03, -4.19978E-03, -4.06150E-03, -3.93062E-03, -3.80659E-03, -3.68887E-03, -3.57697E-03, -3.47046E-03, -3.36892E-03,
  6.62247E-03,  6.92061E-03,  7.23825E-03,  7.57760E-03,  7.94146E-03,  8.33340E-03,  8.75807E-03,  9.22163E-03,  9.73236E-03,  1.03015E-02,  1.09445E-02,  1.16828E-02,  1.25460E-02,  1.35759E-02,  1.48313E-02,  1.63962E-02,  1.83920E-02,  2.09981E-02,  2.44844E-02,  2.92643E-02,  3.59753E-02,  4.55911E-02,  5.95487E-02,  7.98235E-02,  1.08764E-01,  1.48256E-01,  1.97433E-01,  2.48503E-01,  2.84018E-01,  2.85060E-01,  2.49620E-01,  1.95720E-01,  1.43518E-01,  1.03047E-01,  7.55162E-02,  5.83220E-02,  4.82758E-02,  4.28898E-02,  4.06263E-02,  4.07686E-02,  4.32767E-02,  4.87888E-02,  5.87690E-02,  7.56417E-02,  1.02555E-01,  1.42137E-01,  1.93373E-01,  2.46729E-01,  2.82644E-01,  2.83000E-01,  2.48781E-01,  1.98070E-01,  1.48282E-01,  1.07547E-01,  7.70381E-02,  5.50553E-02,  3.93535E-02,  2.80154E-02,  1.96408E-02,  1.32854E-02,  8.33842E-03,  4.41185E-03,  1.25866E-03, -1.28170E-03, -3.31785E-03, -4.92779E-03, -6.17191E-03, -7.10065E-03, -7.75881E-03, -8.18766E-03, -8.42574E-03, -8.50886E-03, -8.46971E-03, -8.33745E-03, -8.13736E-03, -7.89076E-03, -7.61499E-03, -7.32377E-03, -7.02752E-03, -6.73387E-03, -6.44815E-03, -6.17381E-03, -5.91292E-03, -5.66647E-03, -5.43471E-03, -5.21736E-03, -5.01381E-03, -4.82327E-03, -4.64483E-03, -4.47755E-03, -4.32051E-03, -4.17284E-03, -4.03372E-03, -3.90240E-03, -3.77819E-03, -3.66048E-03, -3.54873E-03, -3.44243E-03,
  6.79618E-03,  7.10601E-03,  7.43551E-03,  7.78670E-03,  8.16213E-03,  8.56511E-03,  8.99997E-03,  9.47256E-03,  9.99089E-03,  1.05661E-02,  1.12136E-02,  1.19556E-02,  1.28230E-02,  1.38604E-02,  1.51320E-02,  1.67314E-02,  1.87979E-02,  2.15437E-02,  2.53007E-02,  3.06009E-02,  3.83105E-02,  4.98427E-02,  6.74715E-02,  9.47366E-02,  1.36815E-01,  2.00275E-01,  2.90112E-01,  3.99005E-01,  4.88199E-01,  4.96667E-01,  4.14639E-01,  3.00457E-01,  2.03754E-01,  1.37584E-01,  9.68845E-02,  7.32924E-02,  6.01602E-02,  5.32962E-02,  5.04635E-02,  5.07172E-02,  5.39922E-02,  6.11041E-02,  7.41645E-02,  9.72396E-02,  1.36844E-01,  2.01224E-01,  2.95557E-01,  4.07815E-01,  4.90633E-01,  4.86116E-01,  4.00471E-01,  2.92538E-01,  2.01792E-01,  1.36600E-01,  9.25072E-02,  6.31614E-02,  4.34716E-02,  2.99366E-02,  2.03075E-02,  1.31955E-02,  7.76206E-03,  3.50441E-03,  1.18674E-04, -2.58364E-03, -4.72526E-03, -6.39226E-03, -7.65098E-03, -8.55754E-03, -9.16283E-03, -9.51470E-03, -9.65845E-03, -9.63641E-03, -9.48720E-03, -9.24500E-03, -8.93905E-03, -8.59346E-03, -8.22740E-03, -7.85547E-03, -7.48830E-03, -7.13320E-03, -6.79479E-03, -6.47568E-03, -6.17698E-03, -5.89871E-03, -5.64022E-03, -5.40043E-03, -5.17799E-03, -4.97149E-03, -4.77950E-03, -4.60065E-03, -4.43366E-03, -4.27735E-03, -4.13067E-03, -3.99269E-03, -3.86255E-03, -3.73954E-03, -3.62299E-03, -3.51234E-03,
  6.97692E-03,  7.29963E-03,  7.64221E-03,  8.00644E-03,  8.39456E-03,  8.80946E-03,  9.25499E-03,  9.73646E-03,  1.02613E-02,  1.08399E-02,  1.14875E-02,  1.22256E-02,  1.30857E-02,  1.41135E-02,  1.53760E-02,  1.69729E-02,  1.90556E-02,  2.18608E-02,  2.57691E-02,  3.14126E-02,  3.98637E-02,  5.29639E-02,  7.38819E-02,  1.08050E-01,  1.64718E-01,  2.59227E-01,  4.13948E-01,  6.43980E-01,  8.84264E-01,  9.20036E-01,  7.02245E-01,  4.52901E-01,  2.81066E-01,  1.80493E-01,  1.24882E-01,  9.45448E-02,  7.79204E-02,  6.90672E-02,  6.53463E-02,  6.58044E-02,  7.03390E-02,  7.97001E-02,  9.63264E-02,  1.25948E-01,  1.79845E-01,  2.77230E-01,  4.43795E-01,  6.86721E-01,  9.04664E-01,  8.81023E-01,  6.49282E-01,  4.19886E-01,  2.62972E-01,  1.65775E-01,  1.06467E-01,  6.97806E-02,  4.64574E-02,  3.10552E-02,  2.04086E-02,  1.26938E-02,  6.86748E-03,  2.33315E-03, -1.25437E-03, -4.10064E-03, -6.33526E-03, -8.04777E-03, -9.30787E-03, -1.01763E-02, -1.07099E-02, -1.09640E-02, -1.09915E-02, -1.08426E-02, -1.05628E-02, -1.01922E-02, -9.76441E-03, -9.30674E-03, -8.84010E-03, -8.37981E-03, -7.93636E-03, -7.51635E-03, -7.12336E-03, -6.75875E-03, -6.42236E-03, -6.11298E-03, -5.82885E-03, -5.56789E-03, -5.32794E-03, -5.10686E-03, -4.90265E-03, -4.71346E-03, -4.53764E-03, -4.37373E-03, -4.22041E-03, -4.07658E-03, -3.94123E-03, -3.81353E-03, -3.69273E-03, -3.57819E-03,
  7.16590E-03,  7.50309E-03,  7.86052E-03,  8.23968E-03,  8.64240E-03,  9.07106E-03,  9.52887E-03,  1.00204E-02,  1.05520E-02,  1.11332E-02,  1.17779E-02,  1.25066E-02,  1.33497E-02,  1.43521E-02,  1.55810E-02,  1.71377E-02,  1.91783E-02,  2.19505E-02,  2.58610E-02,  3.15993E-02,  4.03680E-02,  5.43032E-02,  7.72483E-02,  1.16227E-01,  1.84433E-01,  3.07632E-01,  5.37048E-01,  9.62486E-01,  1.59143E+00,  1.72570E+00,  1.11744E+00,  6.25306E-01,  3.62624E-01,  2.30643E-01,  1.63390E-01,  1.27128E-01,  1.06072E-01,  9.37861E-02,  8.82619E-02,  8.90897E-02,  9.61141E-02,  1.09434E-01,  1.30750E-01,  1.66197E-01,  2.31158E-01,  3.58527E-01,  6.12217E-01,  1.08820E+00,  1.69087E+00,  1.59661E+00,  9.79476E-01,  5.48852E-01,  3.14116E-01,  1.86825E-01,  1.15276E-01,  7.33488E-02,  4.76692E-02,  3.11377E-02,  1.98899E-02,  1.18031E-02,  5.70915E-03,  9.63578E-04, -2.79325E-03, -5.76801E-03, -8.08743E-03, -9.83868E-03, -1.10916E-02, -1.19100E-02, -1.23569E-02, -1.24954E-02, -1.23877E-02, -1.20929E-02, -1.16647E-02, -1.11498E-02, -1.05870E-02, -1.00069E-02, -9.43203E-03, -8.87829E-03, -8.35567E-03, -7.86962E-03, -7.42224E-03, -7.01329E-03, -6.64096E-03, -6.30261E-03, -5.99512E-03, -5.71529E-03, -5.46003E-03, -5.22643E-03, -5.01188E-03, -4.81406E-03, -4.63092E-03, -4.46071E-03, -4.30191E-03, -4.15322E-03, -4.01353E-03, -3.88188E-03, -3.75747E-03, -3.63960E-03,
  7.36432E-03,  7.71811E-03,  8.09279E-03,  8.48954E-03,  8.90978E-03,  9.35529E-03,  9.82852E-03,  1.03330E-02,  1.08739E-02,  1.14593E-02,  1.21011E-02,  1.28179E-02,  1.36378E-02,  1.46031E-02,  1.57782E-02,  1.72616E-02,  1.92062E-02,  2.18563E-02,  2.56158E-02,  3.11751E-02,  3.97517E-02,  5.35398E-02,  7.65618E-02,  1.16352E-01,  1.87563E-01,  3.20355E-01,  5.80597E-01,  1.11256E+00,  2.07351E+00,  2.32840E+00,  1.34982E+00,  7.21997E-01,  4.29537E-01,  2.92777E-01,  2.23139E-01,  1.81457E-01,  1.52675E-01,  1.33142E-01,  1.23554E-01,  1.25032E-01,  1.37350E-01,  1.58921E-01,  1.88574E-01,  2.29536E-01,  2.96508E-01,  4.28070E-01,  7.11071E-01,  1.32243E+00,  2.30737E+00,  2.11934E+00,  1.14564E+00,  5.97667E-01,  3.28892E-01,  1.90911E-01,  1.15878E-01,  7.28414E-02,  4.68298E-02,  3.01866E-02,  1.88572E-02,  1.06648E-02,  4.43784E-03, -4.54336E-04, -4.35327E-03, -7.44862E-03, -9.85357E-03, -1.16465E-02, -1.28936E-02, -1.36603E-02, -1.40151E-02, -1.40298E-02, -1.37767E-02, -1.33251E-02, -1.27382E-02, -1.20704E-02, -1.13659E-02, -1.06588E-02, -9.97350E-03, -9.32600E-03, -8.72546E-03, -8.17585E-03, -7.67738E-03, -7.22785E-03, -6.82357E-03, -6.46017E-03, -6.13309E-03, -5.83791E-03, -5.57052E-03, -5.32725E-03, -5.10487E-03, -4.90058E-03, -4.71201E-03, -4.53713E-03, -4.37423E-03, -4.22187E-03, -4.07883E-03, -3.94409E-03, -3.81680E-03, -3.69621E-03,
  7.57329E-03,  7.94634E-03,  8.34140E-03,  8.75938E-03,  9.20127E-03,  9.66827E-03,  1.01620E-02,  1.06848E-02,  1.12404E-02,  1.18349E-02,  1.24779E-02,  1.31851E-02,  1.39810E-02,  1.49039E-02,  1.60130E-02,  1.74003E-02,  1.92090E-02,  2.16676E-02,  2.51516E-02,  3.02989E-02,  3.82271E-02,  5.09383E-02,  7.20729E-02,  1.08343E-01,  1.72390E-01,  2.88630E-01,  5.03877E-01,  8.92220E-01,  1.43314E+00,  1.56232E+00,  1.09658E+00,  7.01100E-01,  4.94581E-01,  3.91570E-01,  3.28442E-01,  2.76791E-01,  2.30885E-01,  1.95394E-01,  1.76922E-01,  1.79503E-01,  2.02840E-01,  2.42226E-01,  2.90253E-01,  3.41524E-01,  4.01523E-01,  4.99094E-01,  6.98965E-01,  1.09109E+00,  1.57606E+00,  1.47391E+00,  9.22225E-01,  5.20439E-01,  2.97235E-01,  1.75970E-01,  1.08134E-01,  6.85632E-02,  4.43115E-02,  2.85540E-02,  1.76321E-02,  9.57741E-03,  3.33692E-03, -1.64802E-03, -5.67180E-03, -8.89127E-03, -1.13965E-02, -1.32508E-02, -1.45124E-02, -1.52455E-02, -1.55232E-02, -1.54258E-02, -1.50362E-02, -1.44350E-02, -1.36955E-02, -1.28805E-02, -1.20402E-02, -1.12127E-02, -1.04239E-02, -9.69015E-03, -9.01946E-03, -8.41410E-03, -7.87219E-03, -7.38936E-03, -6.95992E-03, -6.57768E-03, -6.23657E-03, -5.93093E-03, -5.65569E-03, -5.40643E-03, -5.17937E-03, -4.97131E-03, -4.77958E-03, -4.60194E-03, -4.43655E-03, -4.28187E-03, -4.13662E-03, -3.99976E-03, -3.87038E-03, -3.74775E-03,
  7.79374E-03,  8.18931E-03,  8.60867E-03,  9.05258E-03,  9.52171E-03,  1.00167E-02,  1.05384E-02,  1.10879E-02,  1.16675E-02,  1.22808E-02,  1.29347E-02,  1.36411E-02,  1.44201E-02,  1.53045E-02,  1.63469E-02,  1.76301E-02,  1.92842E-02,  2.15151E-02,  2.46554E-02,  2.92582E-02,  3.62701E-02,  4.73451E-02,  6.54002E-02,  9.55662E-02,  1.46740E-01,  2.33687E-01,  3.77353E-01,  5.90707E-01,  8.19928E-01,  9.05478E-01,  8.12578E-01,  6.97447E-01,  6.30097E-01,  5.83920E-01,  5.24709E-01,  4.45086E-01,  3.60104E-01,  2.91107E-01,  2.54657E-01,  2.59023E-01,  3.03916E-01,  3.80219E-01,  4.69897E-01,  5.49879E-01,  6.04503E-01,  6.42917E-01,  7.03095E-01,  8.16438E-01,  9.16542E-01,  8.38892E-01,  6.08003E-01,  3.89129E-01,  2.40678E-01,  1.49974E-01,  9.55555E-02,  6.23033E-02,  4.11600E-02,  2.69475E-02,  1.67677E-02,  9.02730E-03,  2.86684E-03, -2.16675E-03, -6.30524E-03, -9.66417E-03, -1.23040E-02, -1.42665E-02, -1.55964E-02, -1.63519E-02, -1.66068E-02, -1.64477E-02, -1.59674E-02, -1.52573E-02, -1.44012E-02, -1.34707E-02, -1.25228E-02, -1.15995E-02, -1.07293E-02, -9.92876E-03, -9.20524E-03, -8.55945E-03, -7.98762E-03, -7.48335E-03, -7.03904E-03, -6.64685E-03, -6.29931E-03, -5.98967E-03, -5.71203E-03, -5.46136E-03, -5.23344E-03, -5.02479E-03, -4.83252E-03, -4.65431E-03, -4.48824E-03, -4.33274E-03, -4.18653E-03, -4.04856E-03, -3.91797E-03, -3.79402E-03,
  8.02628E-03,  8.44820E-03,  8.89664E-03,  9.37238E-03,  9.87595E-03,  1.04077E-02,  1.09678E-02,  1.15563E-02,  1.21738E-02,  1.28218E-02,  1.35038E-02,  1.42274E-02,  1.50073E-02,  1.58696E-02,  1.68591E-02,  1.80488E-02,  1.95551E-02,  2.15614E-02,  2.43577E-02,  2.84104E-02,  3.44884E-02,  4.38866E-02,  5.87994E-02,  8.28901E-02,  1.21997E-01,  1.84491E-01,  2.79438E-01,  4.08454E-01,  5.51531E-01,  6.73541E-01,  7.70041E-01,  8.65469E-01,  9.48775E-01,  9.67788E-01,  8.88721E-01,  7.35327E-01,  5.65647E-01,  4.31136E-01,  3.61416E-01,  3.68487E-01,  4.52391E-01,  6.00500E-01,  7.80528E-01,  9.36335E-01,  1.00689E+00,  9.72268E-01,  8.74946E-01,  7.72938E-01,  6.77087E-01,  5.58150E-01,  4.16238E-01,  2.86284E-01,  1.89511E-01,  1.24856E-01,  8.33474E-02,  5.66080E-02,  3.88088E-02,  2.63264E-02,  1.70331E-02,  9.72333E-03,  3.73314E-03, -1.29035E-03, -5.52292E-03, -9.04209E-03, -1.18766E-02, -1.40400E-02, -1.55530E-02, -1.64566E-02, -1.68163E-02, -1.67178E-02, -1.62592E-02, -1.55406E-02, -1.46556E-02, -1.36848E-02, -1.26929E-02, -1.17274E-02, -1.08202E-02, -9.98982E-03, -9.24410E-03, -8.58331E-03, -8.00262E-03, -7.49438E-03, -7.04968E-03, -6.65950E-03, -6.31540E-03, -6.00988E-03, -5.73649E-03, -5.48985E-03, -5.26551E-03, -5.05988E-03, -4.87005E-03, -4.69367E-03, -4.52889E-03, -4.37418E-03, -4.22833E-03, -4.09035E-03, -3.95943E-03, -3.83490E-03,
  8.27105E-03,  8.72371E-03,  9.20684E-03,  9.72152E-03,  1.02685E-02,  1.08482E-02,  1.14606E-02,  1.21051E-02,  1.27809E-02,  1.34874E-02,  1.42248E-02,  1.49959E-02,  1.58091E-02,  1.66828E-02,  1.76524E-02,  1.87810E-02,  2.01730E-02,  2.19953E-02,  2.45079E-02,  2.81150E-02,  3.34560E-02,  4.15670E-02,  5.41588E-02,  7.40432E-02,  1.05675E-01,  1.55563E-01,  2.31954E-01,  3.43249E-01,  4.96888E-01,  7.02948E-01,  9.75363E-01,  1.30413E+00,  1.60173E+00,  1.71064E+00,  1.54944E+00,  1.21654E+00,  8.73511E-01,  6.21032E-01,  4.95826E-01,  5.06589E-01,  6.54492E-01,  9.31934E-01,  1.29843E+00,  1.64091E+00,  1.78432E+00,  1.63878E+00,  1.31120E+00,  9.69759E-01,  6.96701E-01,  4.94389E-01,  3.44352E-01,  2.35072E-01,  1.59192E-01,  1.08698E-01,  7.56498E-02,  5.37457E-02,  3.86818E-02,  2.77689E-02,  1.94075E-02,  1.26669E-02,  7.01026E-03,  2.13480E-03, -2.11600E-03, -5.80325E-03, -8.92862E-03, -1.14661E-02, -1.33908E-02, -1.47012E-02, -1.54306E-02, -1.56463E-02, -1.54401E-02, -1.49156E-02, -1.41744E-02, -1.33077E-02, -1.23901E-02, -1.14780E-02, -1.06105E-02, -9.81128E-03, -9.09172E-03, -8.45420E-03, -7.89503E-03, -7.40694E-03, -6.98104E-03, -6.60817E-03, -6.27973E-03, -5.98808E-03, -5.72674E-03, -5.49035E-03, -5.27458E-03, -5.07596E-03, -4.89175E-03, -4.71979E-03, -4.55836E-03, -4.40611E-03, -4.26197E-03, -4.12509E-03, -3.99475E-03, -3.87040E-03,
  8.52754E-03,  9.01578E-03,  9.53996E-03,  1.01019E-02,  1.07031E-02,  1.13447E-02,  1.20271E-02,  1.27500E-02,  1.35122E-02,  1.43114E-02,  1.51452E-02,  1.60114E-02,  1.69114E-02,  1.78541E-02,  1.88639E-02,  1.99920E-02,  2.13323E-02,  2.30427E-02,  2.53728E-02,  2.87044E-02,  3.36198E-02,  4.10352E-02,  5.24563E-02,  7.04436E-02,  9.93777E-02,  1.46592E-01,  2.23936E-01,  3.50081E-01,  5.54394E-01,  8.81734E-01,  1.38784E+00,  2.09141E+00,  2.82944E+00,  3.13728E+00,  2.72369E+00,  1.96308E+00,  1.29013E+00,  8.49395E-01,  6.44340E-01,  6.59282E-01,  8.97796E-01,  1.38198E+00,  2.10836E+00,  2.90598E+00,  3.28083E+00,  2.87631E+00,  2.07795E+00,  1.36094E+00,  8.60565E-01,  5.42461E-01,  3.45728E-01,  2.24532E-01,  1.49833E-01,  1.03534E-01,  7.42863E-02,  5.51329E-02,  4.19658E-02,  3.24240E-02,  2.51449E-02,  1.93064E-02,  1.43775E-02,  1.00027E-02,  5.96075E-03,  2.15194E-03, -1.41504E-03, -4.65290E-03, -7.44138E-03, -9.67563E-03, -1.13010E-02, -1.23253E-02, -1.28109E-02, -1.28547E-02, -1.25670E-02, -1.20545E-02, -1.14097E-02, -1.07064E-02, -9.99876E-03, -9.32294E-03, -8.70005E-03, -8.13963E-03, -7.64307E-03, -7.20661E-03, -6.82372E-03, -6.48685E-03, -6.18853E-03, -5.92199E-03, -5.68147E-03, -5.46219E-03, -5.26036E-03, -5.07297E-03, -4.89772E-03, -4.73280E-03, -4.57682E-03, -4.42871E-03, -4.28763E-03, -4.15293E-03, -4.02406E-03, -3.90060E-03,
  8.79444E-03,  9.32338E-03,  9.89552E-03,  1.05140E-02,  1.11819E-02,  1.19019E-02,  1.26764E-02,  1.35064E-02,  1.43921E-02,  1.53316E-02,  1.63209E-02,  1.73543E-02,  1.84258E-02,  1.95332E-02,  2.06855E-02,  2.19169E-02,  2.33071E-02,  2.50090E-02,  2.72810E-02,  3.05255E-02,  3.53439E-02,  4.26498E-02,  5.39262E-02,  7.17787E-02,  1.01000E-01,  1.50428E-01,  2.36003E-01,  3.85784E-01,  6.48606E-01,  1.10855E+00,  1.90311E+00,  3.21277E+00,  4.99862E+00,  5.94873E+00,  4.70259E+00,  2.95608E+00,  1.75216E+00,  1.07205E+00,  7.77106E-01,  7.95271E-01,  1.13317E+00,  1.87867E+00,  3.19117E+00,  5.07420E+00,  6.23818E+00,  4.99699E+00,  3.12839E+00,  1.83486E+00,  1.06658E+00,  6.26627E-01,  3.76986E-01,  2.35376E-01,  1.54548E-01,  1.07575E-01,  7.93110E-02,  6.14761E-02,  4.96832E-02,  4.16146E-02,  3.59582E-02,  3.18387E-02,  2.85581E-02,  2.55220E-02,  2.22672E-02,  1.85268E-02,  1.42736E-02,  9.70283E-03,  5.14668E-03,  9.57277E-04, -2.59429E-03, -5.36789E-03, -7.35121E-03, -8.62402E-03, -9.31455E-03, -9.56393E-03, -9.50367E-03, -9.24446E-03, -8.87262E-03, -8.45081E-03, -8.02109E-03, -7.60899E-03, -7.22767E-03, -6.88183E-03, -6.57099E-03, -6.29186E-03, -6.04004E-03, -5.81102E-03, -5.60074E-03, -5.40579E-03, -5.22343E-03, -5.05156E-03, -4.88858E-03, -4.73329E-03, -4.58480E-03, -4.44243E-03, -4.30568E-03, -4.17418E-03, -4.04761E-03, -3.92572E-03,
  9.06943E-03,  9.64419E-03,  1.02714E-02,  1.09564E-02,  1.17048E-02,  1.25223E-02,  1.34148E-02,  1.43875E-02,  1.54445E-02,  1.65877E-02,  1.78160E-02,  1.91234E-02,  2.04989E-02,  2.19280E-02,  2.33981E-02,  2.49142E-02,  2.65266E-02,  2.83735E-02,  3.07330E-02,  3.40718E-02,  3.90898E-02,  4.67939E-02,  5.87134E-02,  7.74679E-02,  1.08007E-01,  1.59935E-01,  2.51483E-01,  4.16245E-01,  7.15560E-01,  1.26337E+00,  2.27913E+00,  4.20735E+00,  7.77964E+00,  1.05751E+01,  7.06649E+00,  3.79351E+00,  2.07396E+00,  1.21114E+00,  8.54242E-01,  8.72765E-01,  1.27440E+00,  2.21036E+00,  4.07522E+00,  7.62737E+00,  1.08778E+01,  7.45423E+00,  3.98282E+00,  2.15888E+00,  1.20106E+00,  6.85663E-01,  4.05035E-01,  2.51333E-01,  1.66424E-01,  1.18503E-01,  9.04382E-02,  7.33902E-02,  6.29971E-02,  5.70818E-02,  5.43515E-02,  5.37321E-02,  5.40988E-02,  5.42644E-02,  5.31425E-02,  4.99949E-02,  4.46358E-02,  3.74681E-02,  2.93108E-02,  2.11010E-02,  1.36163E-02,  7.32903E-03,  2.40128E-03, -1.23109E-03, -3.75565E-03, -5.40161E-03, -6.39031E-03, -6.91198E-03, -7.11859E-03, -7.12480E-03, -7.01273E-03, -6.83789E-03, -6.63547E-03, -6.42601E-03, -6.22027E-03, -6.02291E-03, -5.83519E-03, -5.65666E-03, -5.48627E-03, -5.32284E-03, -5.16539E-03, -5.01314E-03, -4.86557E-03, -4.72231E-03, -4.58316E-03, -4.44799E-03, -4.31672E-03, -4.18932E-03, -4.06577E-03, -3.94605E-03,
  9.34906E-03,  9.97439E-03,  1.06637E-02,  1.14252E-02,  1.22684E-02,  1.32041E-02,  1.42440E-02,  1.54010E-02,  1.66882E-02,  1.81180E-02,  1.96997E-02,  2.14365E-02,  2.33210E-02,  2.53301E-02,  2.74237E-02,  2.95555E-02,  3.17089E-02,  3.39672E-02,  3.66132E-02,  4.02229E-02,  4.57088E-02,  5.43133E-02,  6.76704E-02,  8.82125E-02,  1.20338E-01,  1.72831E-01,  2.63082E-01,  4.24063E-01,  7.16540E-01,  1.25274E+00,  2.24507E+00,  4.10808E+00,  7.44778E+00,  9.93705E+00,  6.79687E+00,  3.71385E+00,  2.04620E+00,  1.19973E+00,  8.47056E-01,  8.62425E-01,  1.25086E+00,  2.14963E+00,  3.89840E+00,  7.02632E+00,  9.61950E+00,  6.88106E+00,  3.81377E+00,  2.10184E+00,  1.18284E+00,  6.84938E-01,  4.13799E-01,  2.65473E-01,  1.83248E-01,  1.36292E-01,  1.08509E-01,  9.21039E-02,  8.35784E-02,  8.12964E-02,  8.40918E-02,  9.05402E-02,  9.86633E-02,  1.05990E-01,  1.09977E-01,  1.08690E-01,  1.01462E-01,  8.91201E-02,  7.36160E-02,  5.72552E-02,  4.19614E-02,  2.88998E-02,  1.84866E-02,  1.06139E-02,  4.90818E-03,  9.18789E-04, -1.77793E-03, -3.53715E-03, -4.63802E-03, -5.29051E-03, -5.64689E-03, -5.81368E-03, -5.86256E-03, -5.83994E-03, -5.77466E-03, -5.68405E-03, -5.57820E-03, -5.46292E-03, -5.34164E-03, -5.21649E-03, -5.08889E-03, -4.95994E-03, -4.83051E-03, -4.70137E-03, -4.57314E-03, -4.44638E-03, -4.32154E-03, -4.19901E-03, -4.07908E-03, -3.96200E-03,
  9.62867E-03,  1.03085E-02,  1.10659E-02,  1.19132E-02,  1.28652E-02,  1.39398E-02,  1.51583E-02,  1.65462E-02,  1.81331E-02,  1.99522E-02,  2.20388E-02,  2.44251E-02,  2.71297E-02,  3.01405E-02,  3.33936E-02,  3.67621E-02,  4.00870E-02,  4.32889E-02,  4.65714E-02,  5.06493E-02,  5.68503E-02,  6.69798E-02,  8.30416E-02,  1.07188E-01,  1.42463E-01,  1.94918E-01,  2.77579E-01,  4.16552E-01,  6.59781E-01,  1.08908E+00,  1.83159E+00,  3.03534E+00,  4.61017E+00,  5.41175E+00,  4.36042E+00,  2.80733E+00,  1.69054E+00,  1.04474E+00,  7.59306E-01,  7.69666E-01,  1.07693E+00,  1.74529E+00,  2.87011E+00,  4.34921E+00,  5.17808E+00,  4.29208E+00,  2.82041E+00,  1.71358E+00,  1.03003E+00,  6.34447E-01,  4.10949E-01,  2.84393E-01,  2.10482E-01,  1.65100E-01,  1.36520E-01,  1.19943E-01,  1.13842E-01,  1.17712E-01,  1.30742E-01,  1.51006E-01,  1.74989E-01,  1.97616E-01,  2.13080E-01,  2.16539E-01,  2.05995E-01,  1.83175E-01,  1.52690E-01,  1.20008E-01,  8.95533E-02,  6.38400E-02,  4.36124E-02,  2.84819E-02,  1.75613E-02,  9.88162E-03,  4.59056E-03,  1.01033E-03, -1.37018E-03, -2.92455E-03, -3.91961E-03, -4.54183E-03, -4.91843E-03, -5.13421E-03, -5.24443E-03, -5.28453E-03, -5.27708E-03, -5.23656E-03, -5.17248E-03, -5.09131E-03, -4.99766E-03, -4.89496E-03, -4.78585E-03, -4.67240E-03, -4.55629E-03, -4.43884E-03, -4.32113E-03, -4.20400E-03, -4.08813E-03, -3.97405E-03,
  9.90235E-03,  1.06392E-02,  1.14692E-02,  1.24096E-02,  1.34823E-02,  1.47149E-02,  1.61424E-02,  1.78091E-02,  1.97715E-02,  2.21006E-02,  2.48828E-02,  2.82167E-02,  3.21971E-02,  3.68797E-02,  4.22175E-02,  4.79870E-02,  5.37621E-02,  5.90530E-02,  6.37115E-02,  6.85180E-02,  7.55597E-02,  8.79507E-02,  1.08892E-01,  1.40673E-01,  1.84463E-01,  2.41688E-01,  3.17552E-01,  4.26594E-01,  5.98746E-01,  8.81790E-01,  1.33028E+00,  1.95543E+00,  2.60092E+00,  2.86681E+00,  2.51226E+00,  1.84109E+00,  1.22979E+00,  8.20249E-01,  6.24605E-01,  6.30509E-01,  8.36951E-01,  1.25201E+00,  1.85176E+00,  2.47535E+00,  2.75585E+00,  2.45696E+00,  1.83917E+00,  1.25858E+00,  8.45524E-01,  5.85632E-01,  4.28209E-01,  3.29597E-01,  2.62595E-01,  2.14109E-01,  1.79971E-01,  1.60367E-01,  1.56862E-01,  1.70755E-01,  2.02013E-01,  2.48220E-01,  3.03440E-01,  3.57637E-01,  3.97927E-01,  4.12489E-01,  3.95799E-01,  3.51553E-01,  2.90661E-01,  2.25816E-01,  1.66684E-01,  1.18137E-01,  8.10568E-02,  5.40725E-02,  3.50367E-02,  2.18663E-02,  1.28669E-02,  6.77320E-03,  2.67880E-03, -5.23366E-05, -1.86161E-03, -3.05213E-03, -3.82949E-03, -4.33121E-03, -4.64803E-03, -4.83932E-03, -4.94385E-03, -4.98715E-03, -4.98636E-03, -4.95331E-03, -4.89644E-03, -4.82194E-03, -4.73450E-03, -4.63773E-03, -4.53443E-03, -4.42681E-03, -4.31661E-03, -4.20519E-03, -4.09363E-03, -3.98276E-03,
  1.01631E-02,  1.09577E-02,  1.18622E-02,  1.29000E-02,  1.41015E-02,  1.55066E-02,  1.71682E-02,  1.91574E-02,  2.15704E-02,  2.45384E-02,  2.82374E-02,  3.28950E-02,  3.87789E-02,  4.61431E-02,  5.50994E-02,  6.54002E-02,  7.62085E-02,  8.61208E-02,  9.38699E-02,  9.98102E-02,  1.07270E-01,  1.22250E-01,  1.51157E-01,  1.97950E-01,  2.62190E-01,  3.38908E-01,  4.21381E-01,  5.07780E-01,  6.09441E-01,  7.52773E-01,  9.64671E-01,  1.23744E+00,  1.48890E+00,  1.57968E+00,  1.43765E+00,  1.14268E+00,  8.33475E-01,  6.01599E-01,  4.82974E-01,  4.86173E-01,  6.09932E-01,  8.42350E-01,  1.14266E+00,  1.41640E+00,  1.53322E+00,  1.43172E+00,  1.19041E+00,  9.37427E-01,  7.43176E-01,  6.11377E-01,  5.16986E-01,  4.37254E-01,  3.63253E-01,  2.97324E-01,  2.46387E-01,  2.17388E-01,  2.15755E-01,  2.45211E-01,  3.07369E-01,  4.00095E-01,  5.14521E-01,  6.32031E-01,  7.24872E-01,  7.64485E-01,  7.35933E-01,  6.47447E-01,  5.25230E-01,  3.98332E-01,  2.86754E-01,  1.98743E-01,  1.34131E-01,  8.88089E-02,  5.78487E-02,  3.69829E-02,  2.30009E-02,  1.36513E-02,  7.40500E-03,  3.23497E-03,  4.52669E-04, -1.40334E-03, -2.64133E-03, -3.46598E-03, -4.01233E-03, -4.36901E-03, -4.59429E-03, -4.72681E-03, -4.79261E-03, -4.80969E-03, -4.79078E-03, -4.74519E-03, -4.67983E-03, -4.59995E-03, -4.50958E-03, -4.41186E-03, -4.30921E-03, -4.20354E-03, -4.09632E-03, -3.98870E-03,
  1.04032E-02,  1.12537E-02,  1.22315E-02,  1.33665E-02,  1.46991E-02,  1.62834E-02,  1.81944E-02,  2.05373E-02,  2.34622E-02,  2.71872E-02,  3.20279E-02,  3.84321E-02,  4.69992E-02,  5.84387E-02,  7.33825E-02,  9.19304E-02,  1.12888E-01,  1.33092E-01,  1.48146E-01,  1.56009E-01,  1.61640E-01,  1.77298E-01,  2.17032E-01,  2.90099E-01,  3.96430E-01,  5.23504E-01,  6.46084E-01,  7.35168E-01,  7.78396E-01,  7.94658E-01,  8.19658E-01,  8.70382E-01,  9.22363E-01,  9.24837E-01,  8.46743E-01,  7.06115E-01,  5.51508E-01,  4.27791E-01,  3.61641E-01,  3.63776E-01,  4.33405E-01,  5.58165E-01,  7.10015E-01,  8.44596E-01,  9.17461E-01,  9.16195E-01,  8.73014E-01,  8.33400E-01,  8.14765E-01,  7.97295E-01,  7.49539E-01,  6.60186E-01,  5.45316E-01,  4.32208E-01,  3.43694E-01,  2.94155E-01,  2.92313E-01,  3.44555E-01,  4.55910E-01,  6.27477E-01,  8.49445E-01,  1.09088E+00,  1.29418E+00,  1.39002E+00,  1.33746E+00,  1.15608E+00,  9.10811E-01,  6.67359E-01,  4.64075E-01,  3.11666E-01,  2.04900E-01,  1.33082E-01,  8.57779E-02,  5.48554E-02,  3.46310E-02,  2.13483E-02,  1.25815E-02,  6.76933E-03,  2.90064E-03,  3.15593E-04, -1.41850E-03, -2.58561E-03, -3.37184E-03, -3.89907E-03, -4.24733E-03, -4.46969E-03, -4.60188E-03, -4.66848E-03, -4.68680E-03, -4.66936E-03, -4.62538E-03, -4.56179E-03, -4.48385E-03, -4.39562E-03, -4.30020E-03, -4.20003E-03, -4.09697E-03, -3.99247E-03,
  1.06144E-02,  1.15163E-02,  1.25622E-02,  1.37890E-02,  1.52471E-02,  1.70064E-02,  1.91665E-02,  2.18721E-02,  2.53396E-02,  2.98990E-02,  3.60586E-02,  4.45954E-02,  5.66584E-02,  7.38320E-02,  9.80152E-02,  1.30783E-01,  1.71646E-01,  2.14962E-01,  2.48311E-01,  2.60136E-01,  2.56232E-01,  2.63406E-01,  3.13061E-01,  4.26588E-01,  6.09730E-01,  8.44866E-01,  1.07825E+00,  1.22426E+00,  1.21962E+00,  1.08837E+00,  9.18550E-01,  7.79604E-01,  6.85452E-01,  6.13674E-01,  5.39386E-01,  4.55549E-01,  3.72460E-01,  3.06560E-01,  2.71256E-01,  2.73373E-01,  3.12650E-01,  3.81865E-01,  4.67731E-01,  5.54983E-01,  6.35629E-01,  7.18767E-01,  8.28330E-01,  9.80392E-01,  1.15005E+00,  1.26106E+00,  1.23668E+00,  1.07581E+00,  8.50179E-01,  6.35954E-01,  4.76835E-01,  3.90527E-01,  3.84845E-01,  4.67883E-01,  6.51284E-01,  9.46919E-01,  1.35391E+00,  1.83187E+00,  2.26922E+00,  2.49488E+00,  2.39005E+00,  2.00694E+00,  1.51565E+00,  1.06140E+00,  7.07540E-01,  4.57990E-01,  2.92029E-01,  1.85190E-01,  1.17384E-01,  7.44100E-02,  4.69984E-02,  2.93408E-02,  1.78507E-02,  1.03066E-02,  5.31507E-03,  1.98939E-03, -2.41187E-04, -1.74641E-03, -2.76657E-03, -3.45820E-03, -3.92378E-03, -4.23102E-03, -4.42541E-03, -4.53805E-03, -4.59076E-03, -4.59918E-03, -4.57474E-03, -4.52598E-03, -4.45933E-03, -4.37969E-03, -4.29082E-03, -4.19561E-03, -4.09631E-03, -3.99464E-03,
  1.07887E-02,  1.17346E-02,  1.28393E-02,  1.41463E-02,  1.57155E-02,  1.76323E-02,  2.00207E-02,  2.30668E-02,  2.70584E-02,  3.24524E-02,  3.99877E-02,  5.08637E-02,  6.70022E-02,  9.13888E-02,  1.28391E-01,  1.83588E-01,  2.61399E-01,  3.56489E-01,  4.38660E-01,  4.61021E-01,  4.23291E-01,  3.93069E-01,  4.40632E-01,  6.07639E-01,  9.15969E-01,  1.35957E+00,  1.85399E+00,  2.18286E+00,  2.12417E+00,  1.73362E+00,  1.26827E+00,  8.96942E-01,  6.50221E-01,  4.96426E-01,  3.96387E-01,  3.24138E-01,  2.69021E-01,  2.30327E-01,  2.11042E-01,  2.13640E-01,  2.38266E-01,  2.82885E-01,  3.45435E-01,  4.28307E-01,  5.44568E-01,  7.22538E-01,  1.00122E+00,  1.40363E+00,  1.87307E+00,  2.20756E+00,  2.17356E+00,  1.79738E+00,  1.31932E+00,  9.15489E-01,  6.41608E-01,  4.99850E-01,  4.85732E-01,  6.05926E-01,  8.83165E-01,  1.35421E+00,  2.05434E+00,  2.96792E+00,  3.91883E+00,  4.47503E+00,  4.23761E+00,  3.38086E+00,  2.39894E+00,  1.58672E+00,  1.00845E+00,  6.28033E-01,  3.88282E-01,  2.40362E-01,  1.49663E-01,  9.37799E-02,  5.89399E-02,  3.68964E-02,  2.27453E-02,  1.35446E-02,  7.49789E-03,  3.48635E-03,  8.01812E-04, -1.00911E-03, -2.23862E-03, -3.07601E-03, -3.64470E-03, -4.02599E-03, -4.27424E-03, -4.42652E-03, -4.50868E-03, -4.53913E-03, -4.53130E-03, -4.49509E-03, -4.43796E-03, -4.36556E-03, -4.28218E-03, -4.19116E-03, -4.09501E-03, -3.99572E-03,
  1.09190E-02,  1.18986E-02,  1.30489E-02,  1.44184E-02,  1.60753E-02,  1.81178E-02,  2.06913E-02,  2.40188E-02,  2.84535E-02,  3.45735E-02,  4.33475E-02,  5.64203E-02,  7.65946E-02,  1.08640E-01,  1.60639E-01,  2.45961E-01,  3.84106E-01,  5.88740E-01,  8.07968E-01,  8.65111E-01,  7.14903E-01,  5.72752E-01,  5.87218E-01,  8.11288E-01,  1.29325E+00,  2.09093E+00,  3.16369E+00,  4.03338E+00,  3.85578E+00,  2.84055E+00,  1.83752E+00,  1.14437E+00,  7.23509E-01,  4.81348E-01,  3.43651E-01,  2.63496E-01,  2.15244E-01,  1.87139E-01,  1.75076E-01,  1.78270E-01,  1.97143E-01,  2.33498E-01,  2.92982E-01,  3.89804E-01,  5.53439E-01,  8.36391E-01,  1.31915E+00,  2.09373E+00,  3.15248E+00,  4.05060E+00,  3.93535E+00,  2.95651E+00,  1.95444E+00,  1.24516E+00,  8.16132E-01,  6.06299E-01,  5.80232E-01,  7.38325E-01,  1.11820E+00,  1.79854E+00,  2.90048E+00,  4.56068E+00,  6.72347E+00,  8.33699E+00,  7.64575E+00,  5.48610E+00,  3.53851E+00,  2.18751E+00,  1.32500E+00,  7.96348E-01,  4.79246E-01,  2.90616E-01,  1.78185E-01,  1.10468E-01,  6.90145E-02,  4.31617E-02,  2.67470E-02,  1.61611E-02,  9.24436E-03,  4.67396E-03,  1.62319E-03, -4.32196E-04, -1.82782E-03, -2.78004E-03, -3.42945E-03, -3.86834E-03, -4.15829E-03, -4.34110E-03, -4.44585E-03, -4.49316E-03, -4.49797E-03, -4.47131E-03, -4.42141E-03, -4.35448E-03, -4.27527E-03, -4.18740E-03, -4.09365E-03, -3.99616E-03,
  1.09996E-02,  1.20004E-02,  1.31795E-02,  1.45888E-02,  1.63019E-02,  1.84257E-02,  2.11203E-02,  2.46341E-02,  2.93671E-02,  3.59858E-02,  4.56319E-02,  6.02995E-02,  8.35225E-02,  1.21681E-01,  1.86665E-01,  3.01579E-01,  5.12142E-01,  8.97799E-01,  1.47106E+00,  1.65324E+00,  1.15140E+00,  7.69343E-01,  7.15391E-01,  9.82951E-01,  1.64167E+00,  2.89065E+00,  5.03998E+00,  7.55139E+00,  6.95930E+00,  4.31710E+00,  2.45658E+00,  1.40012E+00,  8.18866E-01,  5.02740E-01,  3.32189E-01,  2.40464E-01,  1.91267E-01,  1.66115E-01,  1.56731E-01,  1.60379E-01,  1.77656E-01,  2.12672E-01,  2.75706E-01,  3.88488E-01,  5.92962E-01,  9.66113E-01,  1.64604E+00,  2.87360E+00,  4.98841E+00,  7.53821E+00,  7.09882E+00,  4.48497E+00,  2.61015E+00,  1.53780E+00,  9.56495E-01,  6.86083E-01,  6.48801E-01,  8.36162E-01,  1.29982E+00,  2.16499E+00,  3.67758E+00,  6.35494E+00,  1.12161E+01,  1.68390E+01,  1.41794E+01,  8.23007E+00,  4.67151E+00,  2.70557E+00,  1.57708E+00,  9.23683E-01,  5.45605E-01,  3.26278E-01,  1.97984E-01,  1.21844E-01,  7.57802E-02,  4.73181E-02,  2.93753E-02,  1.78656E-02,  1.03743E-02,  5.43788E-03,  2.14887E-03, -6.45986E-05, -1.56706E-03, -2.59279E-03, -3.29363E-03, -3.76909E-03, -4.08541E-03, -4.28748E-03, -4.40643E-03, -4.46430E-03, -4.47704E-03, -4.45634E-03, -4.41094E-03, -4.34744E-03, -4.27082E-03, -4.18492E-03, -4.09265E-03, -3.99628E-03,
  1.10267E-02,  1.20348E-02,  1.32237E-02,  1.46466E-02,  1.63790E-02,  1.85309E-02,  2.12675E-02,  2.48464E-02,  2.96844E-02,  3.64805E-02,  4.64409E-02,  6.16928E-02,  8.60570E-02,  1.26575E-01,  1.96816E-01,  3.24680E-01,  5.71589E-01,  1.07493E+00,  2.01270E+00,  2.38301E+00,  1.43599E+00,  8.65341E-01,  7.68227E-01,  1.05155E+00,  1.78969E+00,  3.27822E+00,  6.23621E+00,  1.08771E+01,  9.61656E+00,  5.17220E+00,  2.74642E+00,  1.51090E+00,  8.61086E-01,  5.15427E-01,  3.31853E-01,  2.35060E-01,  1.84704E-01,  1.59977E-01,  1.51210E-01,  1.55027E-01,  1.72078E-01,  2.07248E-01,  2.72378E-01,  3.91868E-01,  6.12543E-01,  1.02229E+00,  1.78902E+00,  3.25273E+00,  6.14581E+00,  1.08013E+01,  9.83730E+00,  5.37447E+00,  2.91353E+00,  1.65898E+00,  1.01110E+00,  7.15868E-01,  6.73919E-01,  8.72359E-01,  1.36874E+00,  2.30972E+00,  4.00875E+00,  7.26547E+00,  1.44926E+01,  2.60778E+01,  2.00835E+01,  9.83466E+00,  5.18562E+00,  2.91620E+00,  1.67442E+00,  9.71396E-01,  5.69972E-01,  3.39180E-01,  2.05063E-01,  1.25873E-01,  7.81580E-02,  4.87696E-02,  3.02885E-02,  1.84553E-02,  1.07639E-02,  5.70044E-03,  2.32908E-03,  6.11362E-05, -1.47804E-03, -2.52897E-03, -3.24741E-03, -3.73536E-03, -4.06065E-03, -4.26928E-03, -4.39305E-03, -4.45452E-03, -4.46993E-03, -4.45125E-03, -4.40739E-03, -4.34504E-03, -4.26930E-03, -4.18406E-03, -4.09230E-03, -3.99630E-03,
  1.09993E-02,  1.20000E-02,  1.31789E-02,  1.45881E-02,  1.63010E-02,  1.84244E-02,  2.11185E-02,  2.46316E-02,  2.93633E-02,  3.59799E-02,  4.56222E-02,  6.02830E-02,  8.34927E-02,  1.21624E-01,  1.86548E-01,  3.01317E-01,  5.11490E-01,  8.95998E-01,  1.46634E+00,  1.64727E+00,  1.14865E+00,  7.68309E-01,  7.14789E-01,  9.82160E-01,  1.63999E+00,  2.88645E+00,  5.02829E+00,  7.52446E+00,  6.93664E+00,  4.30841E+00,  2.45339E+00,  1.39887E+00,  8.18391E-01,  5.02607E-01,  3.32207E-01,  2.40539E-01,  1.91353E-01,  1.66194E-01,  1.56801E-01,  1.60448E-01,  1.77728E-01,  2.12744E-01,  2.75754E-01,  3.88456E-01,  5.92734E-01,  9.65443E-01,  1.64435E+00,  2.86928E+00,  4.97646E+00,  7.51027E+00,  7.07442E+00,  4.47549E+00,  2.60664E+00,  1.53634E+00,  9.55825E-01,  6.85710E-01,  6.48479E-01,  8.35691E-01,  1.29892E+00,  2.16313E+00,  3.67342E+00,  6.34415E+00,  1.11824E+01,  1.67602E+01,  1.41242E+01,  8.21202E+00,  4.66518E+00,  2.70288E+00,  1.57581E+00,  9.23059E-01,  5.45284E-01,  3.26107E-01,  1.97889E-01,  1.21790E-01,  7.57482E-02,  4.72984E-02,  2.93629E-02,  1.78575E-02,  1.03690E-02,  5.43424E-03,  2.14636E-03, -6.63642E-05, -1.56832E-03, -2.59370E-03, -3.29429E-03, -3.76958E-03, -4.08577E-03, -4.28774E-03, -4.40663E-03, -4.46445E-03, -4.47715E-03, -4.45642E-03, -4.41100E-03, -4.34748E-03, -4.27085E-03, -4.18494E-03, -4.09266E-03, -3.99629E-03,
  1.09184E-02,  1.18978E-02,  1.30478E-02,  1.44170E-02,  1.60735E-02,  1.81153E-02,  2.06879E-02,  2.40140E-02,  2.84464E-02,  3.45626E-02,  4.33300E-02,  5.63909E-02,  7.65430E-02,  1.08545E-01,  1.60454E-01,  2.45584E-01,  3.83303E-01,  5.87046E-01,  8.04961E-01,  8.61734E-01,  7.12677E-01,  5.71554E-01,  5.86340E-01,  8.10087E-01,  1.29092E+00,  2.08602E+00,  3.15386E+00,  4.01814E+00,  3.84174E+00,  2.83242E+00,  1.83366E+00,  1.14271E+00,  7.22920E-01,  4.81278E-01,  3.43812E-01,  2.63729E-01,  2.15468E-01,  1.87329E-01,  1.75238E-01,  1.78428E-01,  1.97320E-01,  2.33698E-01,  2.93169E-01,  3.89883E-01,  5.53219E-01,  8.35516E-01,  1.31692E+00,  2.08873E+00,  3.14233E+00,  4.03464E+00,  3.92036E+00,  2.94765E+00,  1.95007E+00,  1.24306E+00,  8.15074E-01,  6.05672E-01,  5.79675E-01,  7.37525E-01,  1.11673E+00,  1.79566E+00,  2.89470E+00,  4.54870E+00,  6.69929E+00,  8.30006E+00,  7.61454E+00,  5.46929E+00,  3.53040E+00,  2.18353E+00,  1.32298E+00,  7.95306E-01,  4.78694E-01,  2.90315E-01,  1.78016E-01,  1.10370E-01,  6.89557E-02,  4.31253E-02,  2.67238E-02,  1.61459E-02,  9.23422E-03,  4.66706E-03,  1.61840E-03, -4.35571E-04, -1.83023E-03, -2.78179E-03, -3.43072E-03, -3.86929E-03, -4.15898E-03, -4.34162E-03, -4.44624E-03, -4.49344E-03, -4.49818E-03, -4.47146E-03, -4.42152E-03, -4.35456E-03, -4.27533E-03, -4.18744E-03, -4.09367E-03, -3.99616E-03,
  1.07878E-02,  1.17334E-02,  1.28378E-02,  1.41443E-02,  1.57130E-02,  1.76289E-02,  2.00160E-02,  2.30602E-02,  2.70488E-02,  3.24380E-02,  3.99653E-02,  5.08272E-02,  6.69406E-02,  9.12811E-02,  1.28198E-01,  1.83234E-01,  2.60756E-01,  3.55400E-01,  4.37105E-01,  4.59361E-01,  4.21978E-01,  3.92139E-01,  4.39785E-01,  6.06444E-01,  9.13859E-01,  1.35580E+00,  1.84792E+00,  2.17501E+00,  2.11674E+00,  1.72844E+00,  1.26543E+00,  8.95757E-01,  6.50030E-01,  4.96763E-01,  3.96934E-01,  3.24691E-01,  2.69485E-01,  2.30685E-01,  2.11332E-01,  2.13927E-01,  2.38610E-01,  2.83320E-01,  3.45935E-01,  4.28759E-01,  5.44743E-01,  7.22070E-01,  9.99573E-01,  1.40006E+00,  1.86693E+00,  2.19935E+00,  2.16557E+00,  1.79155E+00,  1.31578E+00,  9.13504E-01,  6.40494E-01,  4.99134E-01,  4.85073E-01,  6.04999E-01,  8.81555E-01,  1.35127E+00,  2.04905E+00,  2.95879E+00,  3.90466E+00,  4.45730E+00,  4.22133E+00,  3.36944E+00,  2.39206E+00,  1.58283E+00,  1.00631E+00,  6.26859E-01,  3.87633E-01,  2.39996E-01,  1.49452E-01,  9.36546E-02,  5.88633E-02,  3.68482E-02,  2.27142E-02,  1.35241E-02,  7.48405E-03,  3.47685E-03,  7.95183E-04, -1.01381E-03, -2.24199E-03, -3.07846E-03, -3.64650E-03, -4.02732E-03, -4.27523E-03, -4.42726E-03, -4.50923E-03, -4.53954E-03, -4.53160E-03, -4.49531E-03, -4.43812E-03, -4.36567E-03, -4.28226E-03, -4.19120E-03, -4.09504E-03, -3.99573E-03,
  1.06132E-02,  1.15148E-02,  1.25603E-02,  1.37866E-02,  1.52440E-02,  1.70023E-02,  1.91609E-02,  2.18643E-02,  2.53285E-02,  2.98828E-02,  3.60342E-02,  4.45573E-02,  5.65972E-02,  7.37316E-02,  9.78484E-02,  1.30508E-01,  1.71210E-01,  2.14324E-01,  2.47503E-01,  2.59292E-01,  2.55490E-01,  2.62771E-01,  3.12385E-01,  4.25624E-01,  6.08170E-01,  8.42406E-01,  1.07479E+00,  1.22019E+00,  1.21583E+00,  1.08566E+00,  9.17207E-01,  7.79471E-01,  6.86191E-01,  6.14882E-01,  5.40683E-01,  4.56672E-01,  3.73306E-01,  3.07160E-01,  2.71717E-01,  2.73831E-01,  3.13238E-01,  3.82685E-01,  4.68803E-01,  5.56188E-01,  6.36686E-01,  7.19277E-01,  8.27870E-01,  9.78618E-01,  1.14686E+00,  1.25690E+00,  1.23245E+00,  1.07236E+00,  8.47766E-01,  6.34419E-01,  4.75876E-01,  3.89853E-01,  3.84200E-01,  4.67000E-01,  6.49837E-01,  9.44468E-01,  1.34989E+00,  1.82573E+00,  2.26084E+00,  2.48520E+00,  2.38088E+00,  1.99974E+00,  1.51072E+00,  1.05830E+00,  7.05691E-01,  4.56909E-01,  2.91400E-01,  1.84821E-01,  1.17164E-01,  7.42755E-02,  4.69142E-02,  2.92867E-02,  1.78152E-02,  1.02828E-02,  5.29888E-03,  1.97817E-03, -2.49086E-04, -1.75205E-03, -2.77065E-03, -3.46119E-03, -3.92598E-03, -4.23266E-03, -4.42662E-03, -4.53896E-03, -4.59144E-03, -4.59968E-03, -4.57511E-03, -4.52625E-03, -4.45953E-03, -4.37982E-03, -4.29091E-03, -4.19566E-03, -4.09634E-03, -3.99464E-03,
  1.04018E-02,  1.12520E-02,  1.22293E-02,  1.33638E-02,  1.46955E-02,  1.62788E-02,  1.81883E-02,  2.05289E-02,  2.34507E-02,  2.71708E-02,  3.20040E-02,  3.83965E-02,  4.69450E-02,  5.83553E-02,  7.32543E-02,  9.17374E-02,  1.12611E-01,  1.32725E-01,  1.47713E-01,  1.55561E-01,  1.61216E-01,  1.76886E-01,  2.16550E-01,  2.89418E-01,  3.95405E-01,  5.22037E-01,  6.44215E-01,  7.33160E-01,  7.76701E-01,  7.93737E-01,  8.19819E-01,  8.71710E-01,  9.24662E-01,  9.27605E-01,  8.49358E-01,  7.08163E-01,  5.52914E-01,  4.28705E-01,  3.62300E-01,  3.64434E-01,  4.34314E-01,  5.59556E-01,  7.12026E-01,  8.47128E-01,  9.20086E-01,  9.18297E-01,  8.74108E-01,  8.33306E-01,  8.13596E-01,  7.95403E-01,  7.47415E-01,  6.58267E-01,  5.43823E-01,  4.31151E-01,  3.42963E-01,  2.93594E-01,  2.91755E-01,  3.43813E-01,  4.54763E-01,  6.25665E-01,  8.46692E-01,  1.08699E+00,  1.28925E+00,  1.38454E+00,  1.33221E+00,  1.15171E+00,  9.07579E-01,  6.65166E-01,  4.62668E-01,  3.10792E-01,  2.04364E-01,  1.32753E-01,  8.55741E-02,  5.47267E-02,  3.45481E-02,  2.12939E-02,  1.25451E-02,  6.74456E-03,  2.88351E-03,  3.03578E-04, -1.42705E-03, -2.59177E-03, -3.37634E-03, -3.90238E-03, -4.24978E-03, -4.47152E-03, -4.60325E-03, -4.66950E-03, -4.68757E-03, -4.66993E-03, -4.62580E-03, -4.56209E-03, -4.48407E-03, -4.39577E-03, -4.30030E-03, -4.20009E-03, -4.09699E-03, -3.99247E-03,
  1.01616E-02,  1.09558E-02,  1.18598E-02,  1.28970E-02,  1.40977E-02,  1.55018E-02,  1.71619E-02,  1.91490E-02,  2.15592E-02,  2.45228E-02,  2.82156E-02,  3.28641E-02,  3.87344E-02,  4.60787E-02,  5.50071E-02,  6.52716E-02,  7.60378E-02,  8.59100E-02,  9.36316E-02,  9.95632E-02,  1.07024E-01,  1.21989E-01,  1.50839E-01,  1.97511E-01,  2.61574E-01,  3.38101E-01,  4.20460E-01,  5.06937E-01,  6.08991E-01,  7.53113E-01,  9.66252E-01,  1.24066E+00,  1.49374E+00,  1.58523E+00,  1.44253E+00,  1.14613E+00,  8.35595E-01,  6.02844E-01,  4.83808E-01,  4.87009E-01,  6.11183E-01,  8.44480E-01,  1.14610E+00,  1.42121E+00,  1.53860E+00,  1.43633E+00,  1.19343E+00,  9.38848E-01,  7.43385E-01,  6.10824E-01,  5.16070E-01,  4.36279E-01,  3.62399E-01,  2.96652E-01,  2.45873E-01,  2.16960E-01,  2.15313E-01,  2.44639E-01,  3.06533E-01,  3.98855E-01,  5.12751E-01,  6.29677E-01,  7.22021E-01,  7.61390E-01,  7.32945E-01,  6.44876E-01,  5.23227E-01,  3.96889E-01,  2.85772E-01,  1.98098E-01,  1.33715E-01,  8.85417E-02,  5.76760E-02,  3.68699E-02,  2.29260E-02,  1.36009E-02,  7.37052E-03,  3.21107E-03,  4.35883E-04, -1.41529E-03, -2.64993E-03, -3.47226E-03, -4.01695E-03, -4.37244E-03, -4.59685E-03, -4.72873E-03, -4.79406E-03, -4.81077E-03, -4.79159E-03, -4.74579E-03, -4.68027E-03, -4.60026E-03, -4.50980E-03, -4.41201E-03, -4.30931E-03, -4.20359E-03, -4.09634E-03, -3.98870E-03,
  9.90068E-03,  1.06372E-02,  1.14667E-02,  1.24065E-02,  1.34785E-02,  1.47101E-02,  1.61362E-02,  1.78011E-02,  1.97610E-02,  2.20866E-02,  2.48640E-02,  2.81911E-02,  3.21622E-02,  3.68321E-02,  4.21535E-02,  4.79034E-02,  5.36578E-02,  5.89306E-02,  6.35771E-02,  6.83780E-02,  7.54147E-02,  8.77899E-02,  1.08693E-01,  1.40409E-01,  1.84119E-01,  2.41283E-01,  3.17160E-01,  4.26373E-01,  5.98964E-01,  8.82892E-01,  1.33302E+00,  1.96094E+00,  2.61001E+00,  2.87766E+00,  2.52099E+00,  1.84636E+00,  1.23258E+00,  8.21702E-01,  6.25501E-01,  6.31407E-01,  8.38423E-01,  1.25486E+00,  1.85712E+00,  2.48408E+00,  2.76641E+00,  2.46567E+00,  1.84447E+00,  1.26124E+00,  8.46583E-01,  5.85815E-01,  4.27953E-01,  3.29167E-01,  2.62145E-01,  2.13708E-01,  1.79630E-01,  1.60057E-01,  1.56533E-01,  1.70340E-01,  2.01438E-01,  2.47414E-01,  3.02349E-01,  3.56252E-01,  3.96305E-01,  4.10758E-01,  3.94122E-01,  3.50076E-01,  2.89466E-01,  2.24914E-01,  1.66039E-01,  1.17692E-01,  8.07551E-02,  5.38697E-02,  3.49003E-02,  2.17739E-02,  1.28037E-02,  6.72947E-03,  2.64825E-03, -7.39349E-05, -1.87705E-03, -3.06329E-03, -3.83765E-03, -4.33723E-03, -4.65251E-03, -4.84268E-03, -4.94637E-03, -4.98905E-03, -4.98780E-03, -4.95439E-03, -4.89725E-03, -4.82254E-03, -4.73494E-03, -4.63804E-03, -4.53465E-03, -4.42695E-03, -4.31669E-03, -4.20523E-03, -4.09363E-03, -3.98274E-03,
  9.62693E-03,  1.03064E-02,  1.10634E-02,  1.19101E-02,  1.28614E-02,  1.39351E-02,  1.51525E-02,  1.65388E-02,  1.81236E-02,  1.99400E-02,  2.20231E-02,  2.44047E-02,  2.71031E-02,  3.01061E-02,  3.33499E-02,  3.67082E-02,  4.00231E-02,  4.32167E-02,  4.64937E-02,  5.05679E-02,  5.67637E-02,  6.68816E-02,  8.29212E-02,  1.07036E-01,  1.42280E-01,  1.94726E-01,  2.77436E-01,  4.16572E-01,  6.60177E-01,  1.09029E+00,  1.83459E+00,  3.04250E+00,  4.62577E+00,  5.43339E+00,  4.37474E+00,  2.81386E+00,  1.69338E+00,  1.04604E+00,  7.60045E-01,  7.70403E-01,  1.07825E+00,  1.74822E+00,  2.87694E+00,  4.36399E+00,  5.19920E+00,  4.30697E+00,  2.82746E+00,  1.71665E+00,  1.03130E+00,  6.34873E-01,  4.10971E-01,  2.84233E-01,  2.10257E-01,  1.64868E-01,  1.36300E-01,  1.19727E-01,  1.13607E-01,  1.17423E-01,  1.30362E-01,  1.50499E-01,  1.74336E-01,  1.96818E-01,  2.12171E-01,  2.15582E-01,  2.05066E-01,  1.82344E-01,  1.51998E-01,  1.19465E-01,  8.91480E-02,  6.35472E-02,  4.34050E-02,  2.83365E-02,  1.74596E-02,  9.81033E-03,  4.54031E-03,  9.74663E-04, -1.39569E-03, -2.94296E-03, -3.93303E-03, -4.55169E-03, -4.92575E-03, -5.13969E-03, -5.24856E-03, -5.28766E-03, -5.27945E-03, -5.23836E-03, -5.17384E-03, -5.09233E-03, -4.99843E-03, -4.89552E-03, -4.78626E-03, -4.67269E-03, -4.55648E-03, -4.43896E-03, -4.32119E-03, -4.20402E-03, -4.08812E-03, -3.97401E-03,
  9.34730E-03,  9.97230E-03,  1.06612E-02,  1.14222E-02,  1.22648E-02,  1.31997E-02,  1.42386E-02,  1.53943E-02,  1.66800E-02,  1.81077E-02,  1.96868E-02,  2.14205E-02,  2.33010E-02,  2.53055E-02,  2.73941E-02,  2.95207E-02,  3.16693E-02,  3.39238E-02,  3.65671E-02,  4.01745E-02,  4.56566E-02,  5.42537E-02,  6.75985E-02,  8.81251E-02,  1.20237E-01,  1.72729E-01,  2.63005E-01,  4.24059E-01,  7.16698E-01,  1.25326E+00,  2.24651E+00,  4.11237E+00,  7.46253E+00,  9.96590E+00,  6.80984E+00,  3.71791E+00,  2.04769E+00,  1.20036E+00,  8.47382E-01,  8.62733E-01,  1.25144E+00,  2.15111E+00,  3.90278E+00,  7.04116E+00,  9.65030E+00,  6.89645E+00,  3.81873E+00,  2.10366E+00,  1.18356E+00,  6.85191E-01,  4.13831E-01,  2.65399E-01,  1.83127E-01,  1.36154E-01,  1.08368E-01,  9.19578E-02,  8.34164E-02,  8.11021E-02,  8.38470E-02,  9.02300E-02,  9.82798E-02,  1.05538E-01,  1.09474E-01,  1.08167E-01,  1.00955E-01,  8.86600E-02,  7.32240E-02,  5.69383E-02,  4.17158E-02,  2.87152E-02,  1.83505E-02,  1.05148E-02,  4.83639E-03,  8.66823E-04, -1.81562E-03, -3.56460E-03, -4.65812E-03, -5.30534E-03, -5.65792E-03, -5.82194E-03, -5.86880E-03, -5.84467E-03, -5.77828E-03, -5.68682E-03, -5.58031E-03, -5.46454E-03, -5.34287E-03, -5.21741E-03, -5.08958E-03, -4.96044E-03, -4.83087E-03, -4.70161E-03, -4.57330E-03, -4.44647E-03, -4.32157E-03, -4.19900E-03, -4.07904E-03, -3.96193E-03,
  9.06768E-03,  9.64214E-03,  1.02690E-02,  1.09536E-02,  1.17014E-02,  1.25183E-02,  1.34099E-02,  1.43816E-02,  1.54374E-02,  1.65792E-02,  1.78057E-02,  1.91110E-02,  2.04841E-02,  2.19106E-02,  2.33780E-02,  2.48915E-02,  2.65017E-02,  2.83470E-02,  3.07053E-02,  3.40429E-02,  3.90586E-02,  4.67585E-02,  5.86713E-02,  7.74169E-02,  1.07945E-01,  1.59860E-01,  2.51384E-01,  4.16095E-01,  7.15284E-01,  1.26279E+00,  2.27773E+00,  4.20342E+00,  7.76652E+00,  1.05503E+01,  7.05676E+00,  3.79082E+00,  2.07306E+00,  1.21077E+00,  8.54022E-01,  8.72501E-01,  1.27388E+00,  2.20915E+00,  4.07189E+00,  7.61632E+00,  1.08552E+01,  7.44512E+00,  3.98043E+00,  2.15811E+00,  1.20076E+00,  6.85524E-01,  4.04946E-01,  2.51254E-01,  1.66344E-01,  1.18418E-01,  9.03490E-02,  7.32945E-02,  6.28898E-02,  5.69556E-02,  5.41984E-02,  5.35461E-02,  5.38776E-02,  5.40115E-02,  5.28677E-02,  4.97126E-02,  4.43624E-02,  3.72181E-02,  2.90940E-02,  2.09212E-02,  1.34728E-02,  7.21744E-03,  2.31622E-03, -1.29512E-03, -3.80352E-03, -5.43728E-03, -6.41689E-03, -6.93184E-03, -7.13348E-03, -7.13605E-03, -7.02127E-03, -6.84442E-03, -6.64049E-03, -6.42989E-03, -6.22327E-03, -6.02523E-03, -5.83698E-03, -5.65803E-03, -5.48731E-03, -5.32363E-03, -5.16597E-03, -5.01356E-03, -4.86586E-03, -4.72250E-03, -4.58327E-03, -4.44803E-03, -4.31672E-03, -4.18929E-03, -4.06571E-03, -3.94596E-03,
  8.79272E-03,  9.32139E-03,  9.89321E-03,  1.05113E-02,  1.11787E-02,  1.18982E-02,  1.26720E-02,  1.35013E-02,  1.43861E-02,  1.53246E-02,  1.63127E-02,  1.73447E-02,  1.84149E-02,  1.95208E-02,  2.06717E-02,  2.19020E-02,  2.32914E-02,  2.49928E-02,  2.72646E-02,  3.05089E-02,  3.53266E-02,  4.26310E-02,  5.39050E-02,  7.17533E-02,  1.00966E-01,  1.50373E-01,  2.35890E-01,  3.85528E-01,  6.48011E-01,  1.10718E+00,  1.89994E+00,  3.20523E+00,  4.98171E+00,  5.92511E+00,  4.68801E+00,  2.94993E+00,  1.74962E+00,  1.07090E+00,  7.76427E-01,  7.94530E-01,  1.13180E+00,  1.87562E+00,  3.18387E+00,  5.05717E+00,  6.21279E+00,  4.98106E+00,  3.12182E+00,  1.83221E+00,  1.06549E+00,  6.26175E-01,  3.76802E-01,  2.35295E-01,  1.54499E-01,  1.07531E-01,  7.92620E-02,  6.14197E-02,  4.96174E-02,  4.15370E-02,  3.58663E-02,  3.17305E-02,  2.84337E-02,  2.53838E-02,  2.21202E-02,  1.83777E-02,  1.41299E-02,  9.57081E-03,  5.03078E-03,  8.59431E-04, -2.67429E-03, -5.43169E-03, -7.40118E-03, -8.66268E-03, -9.34424E-03, -9.58665E-03, -9.52104E-03, -9.25778E-03, -8.88287E-03, -8.45874E-03, -8.02726E-03, -7.61382E-03, -7.23145E-03, -6.88481E-03, -6.57333E-03, -6.29369E-03, -6.04145E-03, -5.81211E-03, -5.60156E-03, -5.40640E-03, -5.22388E-03, -5.05187E-03, -4.88878E-03, -4.73341E-03, -4.58484E-03, -4.44242E-03, -4.30564E-03, -4.17410E-03, -4.04750E-03, -3.92560E-03,
  8.52587E-03,  9.01388E-03,  9.53777E-03,  1.00994E-02,  1.07002E-02,  1.13413E-02,  1.20232E-02,  1.27456E-02,  1.35071E-02,  1.43057E-02,  1.51386E-02,  1.60041E-02,  1.69032E-02,  1.78453E-02,  1.88545E-02,  1.99822E-02,  2.13225E-02,  2.30331E-02,  2.53638E-02,  2.86961E-02,  3.36127E-02,  4.10298E-02,  5.24536E-02,  7.04447E-02,  9.93814E-02,  1.46588E-01,  2.23886E-01,  3.49886E-01,  5.53824E-01,  8.80328E-01,  1.38476E+00,  2.08535E+00,  2.81939E+00,  3.12534E+00,  2.71441E+00,  1.95771E+00,  1.28738E+00,  8.47983E-01,  6.43441E-01,  6.58317E-01,  8.96163E-01,  1.37877E+00,  2.10214E+00,  2.89548E+00,  3.26798E+00,  2.86622E+00,  2.07221E+00,  1.35815E+00,  8.59357E-01,  5.42016E-01,  3.45610E-01,  2.24526E-01,  1.49849E-01,  1.03540E-01,  7.42770E-02,  5.51102E-02,  4.19324E-02,  3.23814E-02,  2.50937E-02,  1.92471E-02,  1.43108E-02,  9.93051E-03,  5.88557E-03,  2.07689E-03, -1.48677E-03, -4.71862E-03, -7.49932E-03, -9.72500E-03, -1.13419E-02, -1.23585E-02, -1.28374E-02, -1.28756E-02, -1.25835E-02, -1.20674E-02, -1.14198E-02, -1.07144E-02, -1.00051E-02, -9.32799E-03, -8.70409E-03, -8.14287E-03, -7.64568E-03, -7.20869E-03, -6.82538E-03, -6.48816E-03, -6.18955E-03, -5.92278E-03, -5.68205E-03, -5.46261E-03, -5.26065E-03, -5.07316E-03, -4.89782E-03, -4.73283E-03, -4.57680E-03, -4.42865E-03, -4.28754E-03, -4.15281E-03, -4.02392E-03, -3.90045E-03,
  8.26944E-03,  8.72189E-03,  9.20478E-03,  9.71919E-03,  1.02659E-02,  1.08452E-02,  1.14572E-02,  1.21013E-02,  1.27767E-02,  1.34827E-02,  1.42196E-02,  1.49903E-02,  1.58031E-02,  1.66764E-02,  1.76460E-02,  1.87747E-02,  2.01671E-02,  2.19901E-02,  2.45038E-02,  2.81128E-02,  3.34567E-02,  4.15730E-02,  5.41739E-02,  7.40743E-02,  1.05732E-01,  1.55657E-01,  2.32083E-01,  3.43353E-01,  4.96763E-01,  7.02181E-01,  9.73380E-01,  1.30041E+00,  1.59627E+00,  1.70447E+00,  1.54414E+00,  1.21289E+00,  8.71316E-01,  6.19746E-01,  4.94936E-01,  5.05645E-01,  6.53035E-01,  9.29416E-01,  1.29429E+00,  1.63502E+00,  1.77771E+00,  1.63318E+00,  1.30754E+00,  9.67904E-01,  6.96066E-01,  4.94381E-01,  3.44547E-01,  2.35263E-01,  1.59322E-01,  1.08770E-01,  7.56827E-02,  5.37535E-02,  3.86740E-02,  2.77514E-02,  1.93835E-02,  1.26383E-02,  6.97831E-03,  2.10089E-03, -2.15048E-03, -5.83689E-03, -8.96013E-03, -1.14945E-02, -1.34155E-02, -1.47221E-02, -1.54479E-02, -1.56602E-02, -1.54513E-02, -1.49245E-02, -1.41816E-02, -1.33135E-02, -1.23948E-02, -1.14819E-02, -1.06137E-02, -9.81393E-03, -9.09393E-03, -8.45605E-03, -7.89656E-03, -7.40819E-03, -6.98206E-03, -6.60898E-03, -6.28036E-03, -5.98855E-03, -5.72707E-03, -5.49058E-03, -5.27471E-03, -5.07602E-03, -4.89175E-03, -4.71973E-03, -4.55826E-03, -4.40599E-03, -4.26183E-03, -4.12492E-03, -3.99457E-03, -3.87021E-03,
  8.02474E-03,  8.44648E-03,  8.89472E-03,  9.37023E-03,  9.87355E-03,  1.04050E-02,  1.09648E-02,  1.15530E-02,  1.21703E-02,  1.28179E-02,  1.34996E-02,  1.42230E-02,  1.50027E-02,  1.58651E-02,  1.68547E-02,  1.80447E-02,  1.95517E-02,  2.15590E-02,  2.43569E-02,  2.84122E-02,  3.44947E-02,  4.39008E-02,  5.88287E-02,  8.29482E-02,  1.22111E-01,  1.84710E-01,  2.79844E-01,  4.09124E-01,  5.52352E-01,  6.74001E-01,  7.69508E-01,  8.63698E-01,  9.45990E-01,  9.64576E-01,  8.85774E-01,  7.33070E-01,  5.64118E-01,  4.30136E-01,  3.60667E-01,  3.67701E-01,  4.51277E-01,  5.98773E-01,  7.77998E-01,  9.33091E-01,  1.00343E+00,  9.69356E-01,  8.73147E-01,  7.72447E-01,  6.77657E-01,  5.59125E-01,  4.17048E-01,  2.86787E-01,  1.89787E-01,  1.24999E-01,  8.34182E-02,  5.66399E-02,  3.88199E-02,  2.63262E-02,  1.70267E-02,  9.71369E-03,  3.72187E-03, -1.30213E-03, -5.53437E-03, -9.05260E-03, -1.18858E-02, -1.40475E-02, -1.55589E-02, -1.64610E-02, -1.68194E-02, -1.67200E-02, -1.62608E-02, -1.55418E-02, -1.46565E-02, -1.36857E-02, -1.26937E-02, -1.17282E-02, -1.08210E-02, -9.99057E-03, -9.24483E-03, -8.58398E-03, -8.00323E-03, -7.49490E-03, -7.05011E-03, -6.65984E-03, -6.31565E-03, -6.01005E-03, -5.73659E-03, -5.48988E-03, -5.26549E-03, -5.05981E-03, -4.86993E-03, -4.69353E-03, -4.52872E-03, -4.37399E-03, -4.22812E-03, -4.09013E-03, -3.95921E-03, -3.83468E-03,
  7.79227E-03,  8.18768E-03,  8.60687E-03,  9.05059E-03,  9.51952E-03,  1.00143E-02,  1.05358E-02,  1.10851E-02,  1.16644E-02,  1.22775E-02,  1.29313E-02,  1.36376E-02,  1.44166E-02,  1.53011E-02,  1.63438E-02,  1.76274E-02,  1.92823E-02,  2.15143E-02,  2.46563E-02,  2.92620E-02,  3.62787E-02,  4.73624E-02,  6.54345E-02,  9.56347E-02,  1.46881E-01,  2.33990E-01,  3.78024E-01,  5.92150E-01,  8.22424E-01,  9.08007E-01,  8.13678E-01,  6.97102E-01,  6.28860E-01,  5.82299E-01,  5.23108E-01,  4.43756E-01,  3.59117E-01,  2.90400E-01,  2.54092E-01,  2.58434E-01,  3.03138E-01,  3.79117E-01,  4.68416E-01,  5.48117E-01,  6.02737E-01,  6.41564E-01,  7.02660E-01,  8.17497E-01,  9.19200E-01,  8.41683E-01,  6.09699E-01,  3.89951E-01,  2.41062E-01,  1.50158E-01,  9.56455E-02,  6.23477E-02,  4.11815E-02,  2.69574E-02,  1.67719E-02,  9.02884E-03,  2.86747E-03, -2.16606E-03, -6.30396E-03, -9.66203E-03, -1.23009E-02, -1.42627E-02, -1.55920E-02, -1.63471E-02, -1.66020E-02, -1.64431E-02, -1.59632E-02, -1.52536E-02, -1.43982E-02, -1.34682E-02, -1.25209E-02, -1.15981E-02, -1.07283E-02, -9.92807E-03, -9.20479E-03, -8.55916E-03, -7.98744E-03, -7.48323E-03, -7.03895E-03, -6.64676E-03, -6.29922E-03, -5.98956E-03, -5.71190E-03, -5.46120E-03, -5.23326E-03, -5.02458E-03, -4.83230E-03, -4.65408E-03, -4.48799E-03, -4.33248E-03, -4.18627E-03, -4.04830E-03, -3.91770E-03, -3.79376E-03,
  7.57189E-03,  7.94481E-03,  8.33971E-03,  8.75754E-03,  9.19927E-03,  9.66610E-03,  1.01596E-02,  1.06823E-02,  1.12378E-02,  1.18321E-02,  1.24751E-02,  1.31823E-02,  1.39782E-02,  1.49012E-02,  1.60107E-02,  1.73984E-02,  1.92078E-02,  2.16674E-02,  2.51528E-02,  3.03024E-02,  3.82343E-02,  5.09521E-02,  7.20991E-02,  1.08394E-01,  1.72496E-01,  2.88872E-01,  5.04498E-01,  8.93997E-01,  1.43775E+00,  1.56784E+00,  1.09890E+00,  7.01452E-01,  4.94114E-01,  3.90781E-01,  3.27593E-01,  2.76034E-01,  2.30280E-01,  1.94925E-01,  1.76524E-01,  1.79091E-01,  2.02328E-01,  2.41553E-01,  2.89410E-01,  3.40578E-01,  4.00630E-01,  4.98502E-01,  6.99132E-01,  1.09313E+00,  1.58160E+00,  1.47912E+00,  9.24405E-01,  5.21256E-01,  2.97573E-01,  1.76125E-01,  1.08211E-01,  6.86039E-02,  4.43339E-02,  2.85673E-02,  1.76411E-02,  9.58463E-03,  3.34376E-03, -1.64085E-03, -5.66395E-03, -8.88269E-03, -1.13873E-02, -1.32412E-02, -1.45027E-02, -1.52360E-02, -1.55142E-02, -1.54175E-02, -1.50288E-02, -1.44286E-02, -1.36901E-02, -1.28760E-02, -1.20366E-02, -1.12098E-02, -1.04217E-02, -9.68839E-03, -9.01811E-03, -8.41305E-03, -7.87137E-03, -7.38871E-03, -6.95938E-03, -6.57722E-03, -6.23617E-03, -5.93056E-03, -5.65534E-03, -5.40609E-03, -5.17904E-03, -4.97098E-03, -4.77925E-03, -4.60162E-03, -4.43623E-03, -4.28155E-03, -4.13631E-03, -3.99944E-03, -3.87007E-03, -3.74745E-03,
  7.36299E-03,  7.71665E-03,  8.09120E-03,  8.48783E-03,  8.90793E-03,  9.35330E-03,  9.82640E-03,  1.03307E-02,  1.08716E-02,  1.14568E-02,  1.20987E-02,  1.28155E-02,  1.36354E-02,  1.46008E-02,  1.57762E-02,  1.72600E-02,  1.92050E-02,  2.18558E-02,  2.56161E-02,  3.11765E-02,  3.97544E-02,  5.35441E-02,  7.65678E-02,  1.16359E-01,  1.87570E-01,  3.20359E-01,  5.80597E-01,  1.11262E+00,  2.07411E+00,  2.32978E+00,  1.35032E+00,  7.21958E-01,  4.29242E-01,  2.92355E-01,  2.22684E-01,  1.81033E-01,  1.52314E-01,  1.32842E-01,  1.23288E-01,  1.24757E-01,  1.37026E-01,  1.58521E-01,  1.88098E-01,  2.29017E-01,  2.96003E-01,  4.27642E-01,  7.10780E-01,  1.32239E+00,  2.30808E+00,  2.12028E+00,  1.14602E+00,  5.97837E-01,  3.28983E-01,  1.90965E-01,  1.15912E-01,  7.28631E-02,  4.68447E-02,  3.01978E-02,  1.88667E-02,  1.06738E-02,  4.44714E-03, -4.44408E-04, -4.34260E-03, -7.43727E-03, -9.84174E-03, -1.16345E-02, -1.28817E-02, -1.36488E-02, -1.40043E-02, -1.40199E-02, -1.37678E-02, -1.33174E-02, -1.27316E-02, -1.20648E-02, -1.13612E-02, -1.06550E-02, -9.97040E-03, -9.32350E-03, -8.72345E-03, -8.17423E-03, -7.67607E-03, -7.22676E-03, -6.82266E-03, -6.45940E-03, -6.13242E-03, -5.83731E-03, -5.56998E-03, -5.32674E-03, -5.10439E-03, -4.90013E-03, -4.71158E-03, -4.53672E-03, -4.37383E-03, -4.22148E-03, -4.07846E-03, -3.94374E-03, -3.81645E-03, -3.69587E-03,
  7.16463E-03,  7.50171E-03,  7.85903E-03,  8.23807E-03,  8.64068E-03,  9.06922E-03,  9.52693E-03,  1.00183E-02,  1.05499E-02,  1.11310E-02,  1.17757E-02,  1.25044E-02,  1.33476E-02,  1.43501E-02,  1.55791E-02,  1.71359E-02,  1.91767E-02,  2.19491E-02,  2.58595E-02,  3.15973E-02,  4.03642E-02,  5.42948E-02,  7.72291E-02,  1.16182E-01,  1.84327E-01,  3.07369E-01,  5.36351E-01,  9.60501E-01,  1.58628E+00,  1.71990E+00,  1.11512E+00,  6.24490E-01,  3.62220E-01,  2.30343E-01,  1.63123E-01,  1.26885E-01,  1.05858E-01,  9.35988E-02,  8.80885E-02,  8.89114E-02,  9.59120E-02,  1.09196E-01,  1.30474E-01,  1.65884E-01,  2.30791E-01,  3.58012E-01,  6.11202E-01,  1.08554E+00,  1.68476E+00,  1.59139E+00,  9.77585E-01,  5.48245E-01,  3.13911E-01,  1.86754E-01,  1.15254E-01,  7.33442E-02,  4.76716E-02,  3.11431E-02,  1.98970E-02,  1.18114E-02,  5.71851E-03,  9.73946E-04, -2.78199E-03, -5.75606E-03, -8.07504E-03, -9.82615E-03, -1.10792E-02, -1.18981E-02, -1.23457E-02, -1.24851E-02, -1.23784E-02, -1.20846E-02, -1.16575E-02, -1.11436E-02, -1.05818E-02, -1.00025E-02, -9.42841E-03, -8.87531E-03, -8.35320E-03, -7.86758E-03, -7.42055E-03, -7.01187E-03, -6.63976E-03, -6.30157E-03, -5.99422E-03, -5.71450E-03, -5.45932E-03, -5.22578E-03, -5.01128E-03, -4.81350E-03, -4.63040E-03, -4.46022E-03, -4.30145E-03, -4.15278E-03, -4.01310E-03, -3.88148E-03, -3.75708E-03, -3.63923E-03,
  6.97570E-03,  7.29831E-03,  7.64079E-03,  8.00493E-03,  8.39295E-03,  8.80775E-03,  9.25318E-03,  9.73457E-03,  1.02593E-02,  1.08379E-02,  1.14854E-02,  1.22235E-02,  1.30836E-02,  1.41114E-02,  1.53739E-02,  1.69708E-02,  1.90534E-02,  2.18581E-02,  2.57654E-02,  3.14068E-02,  3.98533E-02,  5.29438E-02,  7.38414E-02,  1.07966E-01,  1.64540E-01,  2.58838E-01,  4.13079E-01,  6.42100E-01,  8.80945E-01,  9.16517E-01,  7.00135E-01,  4.51927E-01,  2.80609E-01,  1.80235E-01,  1.24699E-01,  9.43953E-02,  7.77901E-02,  6.89497E-02,  6.52346E-02,  6.56897E-02,  7.02126E-02,  7.95548E-02,  9.61547E-02,  1.25733E-01,  1.79538E-01,  2.76696E-01,  4.42705E-01,  6.84466E-01,  9.01029E-01,  8.77657E-01,  6.47415E-01,  4.19051E-01,  2.62613E-01,  1.65620E-01,  1.06399E-01,  6.97521E-02,  4.64471E-02,  3.10538E-02,  2.04119E-02,  1.26999E-02,  6.87552E-03,  2.34261E-03, -1.24383E-03, -4.08933E-03, -6.32347E-03, -8.03581E-03, -9.29603E-03, -1.01648E-02, -1.06991E-02, -1.09539E-02, -1.09823E-02, -1.08344E-02, -1.05556E-02, -1.01859E-02, -9.75901E-03, -9.30214E-03, -8.83621E-03, -8.37653E-03, -7.93360E-03, -7.51402E-03, -7.12139E-03, -6.75708E-03, -6.42092E-03, -6.11174E-03, -5.82777E-03, -5.56693E-03, -5.32708E-03, -5.10608E-03, -4.90194E-03, -4.71281E-03, -4.53704E-03, -4.37316E-03, -4.21988E-03, -4.07608E-03, -3.94076E-03, -3.81308E-03, -3.69230E-03, -3.57779E-03,
  6.79500E-03,  7.10475E-03,  7.43415E-03,  7.78525E-03,  8.16060E-03,  8.56348E-03,  8.99826E-03,  9.47077E-03,  9.98903E-03,  1.05641E-02,  1.12116E-02,  1.19535E-02,  1.28209E-02,  1.38582E-02,  1.51297E-02,  1.67288E-02,  1.87948E-02,  2.15397E-02,  2.52949E-02,  3.05918E-02,  3.82948E-02,  4.98144E-02,  6.74188E-02,  9.46364E-02,  1.36622E-01,  1.99904E-01,  2.89416E-01,  3.97806E-01,  4.86501E-01,  4.94923E-01,  4.13365E-01,  2.99718E-01,  2.03361E-01,  1.37366E-01,  9.67477E-02,  7.31918E-02,  6.00766E-02,  5.32209E-02,  5.03910E-02,  5.06428E-02,  5.39111E-02,  6.10106E-02,  7.40488E-02,  9.70803E-02,  1.36593E-01,  2.00782E-01,  2.94754E-01,  4.06471E-01,  4.88831E-01,  4.84388E-01,  3.99266E-01,  2.91850E-01,  2.01434E-01,  1.36420E-01,  9.24175E-02,  6.31177E-02,  4.34516E-02,  2.99290E-02,  2.03068E-02,  1.31989E-02,  7.76812E-03,  3.51229E-03,  1.27834E-04, -2.57360E-03, -4.71467E-03, -6.38143E-03, -7.64018E-03, -8.54702E-03, -9.15280E-03, -9.50532E-03, -9.64983E-03, -9.62861E-03, -9.48024E-03, -9.23886E-03, -8.93368E-03, -8.58881E-03, -8.22340E-03, -7.85205E-03, -7.48537E-03, -7.13069E-03, -6.79264E-03, -6.47383E-03, -6.17537E-03, -5.89731E-03, -5.63899E-03, -5.39933E-03, -5.17701E-03, -4.97061E-03, -4.77870E-03, -4.59991E-03, -4.43298E-03, -4.27672E-03, -4.13009E-03, -3.99214E-03, -3.86204E-03, -3.73905E-03, -3.62253E-03, -3.51190E-03,
  6.62133E-03,  6.91940E-03,  7.23695E-03,  7.57622E-03,  7.93999E-03,  8.33184E-03,  8.75642E-03,  9.21990E-03,  9.73055E-03,  1.02996E-02,  1.09425E-02,  1.16807E-02,  1.25438E-02,  1.35735E-02,  1.48286E-02,  1.63930E-02,  1.83880E-02,  2.09928E-02,  2.44768E-02,  2.92527E-02,  3.59564E-02,  4.55591E-02,  5.94932E-02,  7.97260E-02,  1.08593E-01,  1.47963E-01,  1.96956E-01,  2.47798E-01,  2.83132E-01,  2.84166E-01,  2.48901E-01,  1.95238E-01,  1.43228E-01,  1.02877E-01,  7.54115E-02,  5.82498E-02,  4.82189E-02,  4.28397E-02,  4.05782E-02,  4.07192E-02,  4.32226E-02,  4.87250E-02,  5.86862E-02,  7.55215E-02,  1.02363E-01,  1.41816E-01,  1.92855E-01,  2.45972E-01,  2.81717E-01,  2.82093E-01,  2.48067E-01,  1.97592E-01,  1.47993E-01,  1.07382E-01,  7.69469E-02,  5.50062E-02,  3.93281E-02,  2.80035E-02,  1.96368E-02,  1.32862E-02,  8.34237E-03,  4.41791E-03,  1.26619E-03, -1.27318E-03, -3.30869E-03, -4.91830E-03, -6.16236E-03, -7.09127E-03, -7.74978E-03, -8.17913E-03, -8.41782E-03, -8.50161E-03, -8.46315E-03, -8.33159E-03, -8.13218E-03, -7.88621E-03, -7.61101E-03, -7.32031E-03, -7.02452E-03, -6.73127E-03, -6.44588E-03, -6.17184E-03, -5.91120E-03, -5.66496E-03, -5.43337E-03, -5.21616E-03, -5.01274E-03, -4.82230E-03, -4.64395E-03, -4.47674E-03, -4.31977E-03, -4.17216E-03, -4.03309E-03, -3.90180E-03, -3.77763E-03, -3.65996E-03, -3.54824E-03, -3.44197E-03,
  6.45355E-03,  6.74075E-03,  7.04724E-03,  7.37536E-03,  7.72805E-03,  8.10903E-03,  8.52310E-03,  8.97650E-03,  9.47746E-03,  1.00370E-02,  1.06699E-02,  1.13962E-02,  1.22433E-02,  1.32487E-02,  1.44642E-02,  1.59616E-02,  1.78416E-02,  2.02473E-02,  2.33838E-02,  2.75486E-02,  3.31709E-02,  4.08550E-02,  5.14026E-02,  6.57525E-02,  8.47189E-02,  1.08356E-01,  1.34851E-01,  1.59362E-01,  1.74382E-01,  1.73451E-01,  1.56275E-01,  1.29347E-01,  1.01043E-01,  7.70039E-02,  5.92035E-02,  4.72454E-02,  3.98359E-02,  3.56862E-02,  3.38821E-02,  3.39617E-02,  3.59011E-02,  4.01166E-02,  4.74814E-02,  5.92556E-02,  7.67285E-02,  1.00341E-01,  1.28243E-01,  1.54991E-01,  1.72356E-01,  1.73742E-01,  1.59079E-01,  1.34498E-01,  1.07417E-01,  8.27771E-02,  6.25403E-02,  4.67759E-02,  3.47562E-02,  2.55994E-02,  1.85433E-02,  1.30140E-02,  8.60779E-03,  5.04984E-03,  2.15402E-03, -2.07278E-04, -2.12432E-03, -3.66403E-03, -4.87904E-03, -5.81330E-03, -6.50554E-03, -6.99101E-03, -7.30236E-03, -7.46978E-03, -7.52091E-03, -7.48060E-03, -7.37066E-03, -7.20978E-03, -7.01356E-03, -6.79466E-03, -6.56308E-03, -6.32648E-03, -6.09052E-03, -5.85923E-03, -5.63533E-03, -5.42055E-03, -5.21581E-03, -5.02152E-03, -4.83766E-03, -4.66397E-03, -4.49999E-03, -4.34520E-03, -4.19899E-03, -4.06077E-03, -3.92995E-03, -3.80596E-03, -3.68828E-03, -3.57642E-03, -3.46994E-03, -3.36843E-03,
  6.29061E-03,  6.56749E-03,  6.86335E-03,  7.18061E-03,  7.52226E-03,  7.89206E-03,  8.29476E-03,  8.73651E-03,  9.22523E-03,  9.77133E-03,  1.03885E-02,  1.10951E-02,  1.19153E-02,  1.28818E-02,  1.40385E-02,  1.54441E-02,  1.71785E-02,  1.93499E-02,  2.21054E-02,  2.56448E-02,  3.02346E-02,  3.62144E-02,  4.39777E-02,  5.38880E-02,  6.60825E-02,  8.01237E-02,  9.45715E-02,  1.06777E-01,  1.13441E-01,  1.12148E-01,  1.02982E-01,  8.86306E-02,  7.28086E-02,  5.84815E-02,  4.71325E-02,  3.90014E-02,  3.36666E-02,  3.05357E-02,  2.91239E-02,  2.91668E-02,  3.06508E-02,  3.38141E-02,  3.91197E-02,  4.71473E-02,  5.83223E-02,  7.24341E-02,  8.80580E-02,  1.02297E-01,  1.11466E-01,  1.12805E-01,  1.06085E-01,  9.35789E-02,  7.85318E-02,  6.36221E-02,  5.03615E-02,  3.92627E-02,  3.02518E-02,  2.30129E-02,  1.71890E-02,  1.24688E-02,  8.60962E-03,  5.43160E-03,  2.80408E-03,  6.31789E-04, -1.15618E-03, -2.61445E-03, -3.78707E-03, -4.71125E-03, -5.41980E-03, -5.94252E-03, -6.30693E-03, -6.53847E-03, -6.66050E-03, -6.69417E-03, -6.65826E-03, -6.56912E-03, -6.44068E-03, -6.28449E-03, -6.10995E-03, -5.92453E-03, -5.73397E-03, -5.54260E-03, -5.35358E-03, -5.16911E-03, -4.99065E-03, -4.81909E-03, -4.65490E-03, -4.49824E-03, -4.34905E-03, -4.20713E-03, -4.07218E-03, -3.94384E-03, -3.82175E-03, -3.70550E-03, -3.59474E-03, -3.48908E-03, -3.38819E-03, -3.29175E-03,
  6.13163E-03,  6.39848E-03,  6.68391E-03,  6.99032E-03,  7.32067E-03,  7.67865E-03,  8.06886E-03,  8.49714E-03,  8.97093E-03,  9.49977E-03,  1.00960E-02,  1.07758E-02,  1.15600E-02,  1.24760E-02,  1.35595E-02,  1.48570E-02,  1.64287E-02,  1.83525E-02,  2.07278E-02,  2.36798E-02,  2.73600E-02,  3.19378E-02,  3.75724E-02,  4.43478E-02,  5.21572E-02,  6.05440E-02,  6.85672E-02,  7.48333E-02,  7.78501E-02,  7.66648E-02,  7.14166E-02,  6.33412E-02,  5.41905E-02,  4.55168E-02,  3.82693E-02,  3.27846E-02,  2.89970E-02,  2.66750E-02,  2.55907E-02,  2.56088E-02,  2.67213E-02,  2.90487E-02,  3.28070E-02,  3.82208E-02,  4.53583E-02,  5.38959E-02,  6.29069E-02,  7.08580E-02,  7.59932E-02,  7.70354E-02,  7.37768E-02,  6.71070E-02,  5.84895E-02,  4.93289E-02,  4.06036E-02,  3.28161E-02,  2.61173E-02,  2.04604E-02,  1.57171E-02,  1.17429E-02,  8.40748E-03,  5.60331E-03,  3.24520E-03,  1.26642E-03, -3.85696E-04, -1.75364E-03, -2.87281E-03, -3.77373E-03, -4.48363E-03, -5.02735E-03, -5.42786E-03, -5.70650E-03, -5.88295E-03, -5.97519E-03, -5.99934E-03, -5.96964E-03, -5.89842E-03, -5.79613E-03, -5.67148E-03, -5.53154E-03, -5.38200E-03, -5.22726E-03, -5.07072E-03, -4.91490E-03, -4.76160E-03, -4.61210E-03, -4.46723E-03, -4.32749E-03, -4.19314E-03, -4.06426E-03, -3.94080E-03, -3.82262E-03, -3.70955E-03, -3.60134E-03, -3.49777E-03, -3.39858E-03, -3.30354E-03, -3.21239E-03,
  5.97585E-03,  6.23282E-03,  6.50782E-03,  6.80320E-03,  7.12183E-03,  7.46722E-03,  7.84370E-03,  8.25670E-03,  8.71300E-03,  9.22113E-03,  9.79193E-03,  1.04391E-02,  1.11803E-02,  1.20375E-02,  1.30389E-02,  1.42197E-02,  1.56234E-02,  1.73032E-02,  1.93224E-02,  2.17536E-02,  2.46736E-02,  2.81525E-02,  3.22297E-02,  3.68727E-02,  4.19193E-02,  4.70149E-02,  5.15851E-02,  5.49006E-02,  5.62679E-02,  5.53002E-02,  5.21198E-02,  4.73438E-02,  4.18484E-02,  3.64646E-02,  3.17733E-02,  2.80593E-02,  2.53805E-02,  2.36748E-02,  2.28517E-02,  2.28504E-02,  2.36662E-02,  2.53509E-02,  2.79874E-02,  3.16331E-02,  3.62295E-02,  4.14950E-02,  4.68539E-02,  5.14760E-02,  5.44745E-02,  5.52072E-02,  5.35177E-02,  4.97625E-02,  4.46218E-02,  3.88312E-02,  3.29868E-02,  2.74723E-02,  2.24810E-02,  1.80733E-02,  1.42349E-02,  1.09172E-02,  8.06133E-03,  5.61015E-03,  3.51277E-03,  1.72562E-03,  2.11799E-04, -1.06019E-03, -2.11766E-03, -2.98490E-03, -3.68395E-03, -4.23517E-03, -4.65758E-03, -4.96892E-03, -5.18573E-03, -5.32320E-03, -5.39513E-03, -5.41387E-03, -5.39025E-03, -5.33365E-03, -5.25201E-03, -5.15196E-03, -5.03894E-03, -4.91733E-03, -4.79058E-03, -4.66139E-03, -4.53181E-03, -4.40335E-03, -4.27711E-03, -4.15387E-03, -4.03413E-03, -3.91820E-03, -3.80623E-03, -3.69830E-03, -3.59436E-03, -3.49434E-03, -3.39812E-03, -3.30557E-03, -3.21654E-03, -3.13086E-03,
  5.82268E-03,  6.06979E-03,  6.33428E-03,  6.61837E-03,  6.92476E-03,  7.25675E-03,  7.61832E-03,  8.01438E-03,  8.45096E-03,  8.93552E-03,  9.47728E-03,  1.00877E-02,  1.07809E-02,  1.15744E-02,  1.24894E-02,  1.35516E-02,  1.47909E-02,  1.62418E-02,  1.79419E-02,  1.99288E-02,  2.22349E-02,  2.48772E-02,  2.78411E-02,  3.10578E-02,  3.43783E-02,  3.75538E-02,  4.02415E-02,  4.20553E-02,  4.26643E-02,  4.19116E-02,  3.98908E-02,  3.69329E-02,  3.35020E-02,  3.00595E-02,  2.69607E-02,  2.44172E-02,  2.25162E-02,  2.12659E-02,  2.06428E-02,  2.06251E-02,  2.12097E-02,  2.24121E-02,  2.42507E-02,  2.67128E-02,  2.97086E-02,  3.30247E-02,  3.63039E-02,  3.90799E-02,  4.08784E-02,  4.13527E-02,  4.03912E-02,  3.81361E-02,  3.49125E-02,  3.11115E-02,  2.70899E-02,  2.31162E-02,  1.93613E-02,  1.59154E-02,  1.28130E-02,  1.00548E-02,  7.62376E-03,  5.49532E-03,  3.64272E-03,  2.03993E-03,  6.62739E-04, -5.10965E-04, -1.50142E-03, -2.32730E-03, -3.00602E-03, -3.55400E-03, -3.98674E-03, -4.31891E-03, -4.56427E-03, -4.73565E-03, -4.84479E-03, -4.90232E-03, -4.91774E-03, -4.89936E-03, -4.85437E-03, -4.78887E-03, -4.70799E-03, -4.61594E-03, -4.51617E-03, -4.41142E-03, -4.30386E-03, -4.19518E-03, -4.08665E-03, -3.97925E-03, -3.87366E-03, -3.77038E-03, -3.66975E-03, -3.57196E-03, -3.47714E-03, -3.38533E-03, -3.29652E-03, -3.21068E-03, -3.12773E-03, -3.04760E-03,
  5.67166E-03,  5.90890E-03,  6.16272E-03,  6.43521E-03,  6.72888E-03,  7.04673E-03,  7.39235E-03,  7.77009E-03,  8.18518E-03,  8.64398E-03,  9.15416E-03,  9.72499E-03,  1.03676E-02,  1.10953E-02,  1.19235E-02,  1.28702E-02,  1.39550E-02,  1.51986E-02,  1.66213E-02,  1.82391E-02,  2.00596E-02,  2.20745E-02,  2.42498E-02,  2.65145E-02,  2.87508E-02,  3.07912E-02,  3.24314E-02,  3.34625E-02,  3.37231E-02,  3.31515E-02,  3.18167E-02,  2.99076E-02,  2.76849E-02,  2.54158E-02,  2.33220E-02,  2.15540E-02,  2.01940E-02,  1.92743E-02,  1.88001E-02,  1.87680E-02,  1.91756E-02,  2.00217E-02,  2.12966E-02,  2.29639E-02,  2.49377E-02,  2.70637E-02,  2.91162E-02,  3.08218E-02,  3.19116E-02,  3.21867E-02,  3.15682E-02,  3.01104E-02,  2.79730E-02,  2.53688E-02,  2.25124E-02,  1.95851E-02,  1.67206E-02,  1.40063E-02,  1.14920E-02,  9.20040E-03,  7.13691E-03,  5.29638E-03,  3.66801E-03,  2.23828E-03,  9.92695E-04, -8.33417E-05, -1.00413E-03, -1.78354E-03, -2.43499E-03, -2.97142E-03, -3.40534E-03, -3.74872E-03, -4.01297E-03, -4.20880E-03, -4.34617E-03, -4.43421E-03, -4.48115E-03, -4.49433E-03, -4.48019E-03, -4.44428E-03, -4.39136E-03, -4.32543E-03, -4.24980E-03, -4.16720E-03, -4.07986E-03, -3.98954E-03, -3.89763E-03, -3.80524E-03, -3.71318E-03, -3.62211E-03, -3.53248E-03, -3.44462E-03, -3.35877E-03, -3.27508E-03, -3.19364E-03, -3.11449E-03, -3.03765E-03, -2.96309E-03,
  5.52250E-03,  5.74980E-03,  5.99280E-03,  6.25343E-03,  6.53394E-03,  6.83704E-03,  7.16588E-03,  7.52424E-03,  7.91658E-03,  8.34817E-03,  8.82524E-03,  9.35509E-03,  9.94623E-03,  1.06084E-02,  1.13524E-02,  1.21902E-02,  1.31338E-02,  1.41945E-02,  1.53812E-02,  1.66976E-02,  1.81387E-02,  1.96860E-02,  2.13023E-02,  2.29267E-02,  2.44718E-02,  2.58268E-02,  2.68684E-02,  2.74811E-02,  2.75842E-02,  2.71563E-02,  2.62473E-02,  2.49716E-02,  2.34837E-02,  2.19457E-02,  2.04994E-02,  1.92508E-02,  1.82673E-02,  1.75852E-02,  1.72197E-02,  1.71751E-02,  1.74492E-02,  1.80341E-02,  1.89106E-02,  2.00385E-02,  2.13464E-02,  2.27242E-02,  2.40256E-02,  2.50829E-02,  2.57355E-02,  2.58625E-02,  2.54081E-02,  2.43904E-02,  2.28899E-02,  2.10257E-02,  1.89288E-02,  1.67203E-02,  1.44993E-02,  1.23396E-02,  1.02908E-02,  8.38309E-03,  6.63223E-03,  5.04383E-03,  3.61692E-03,  2.34645E-03,  1.22495E-03,  2.43592E-04, -6.07176E-04, -1.33725E-03, -1.95666E-03, -2.47543E-03, -2.90348E-03, -3.25047E-03, -3.52575E-03, -3.73825E-03, -3.89635E-03, -4.00782E-03, -4.07979E-03, -4.11868E-03, -4.13020E-03, -4.11936E-03, -4.09051E-03, -4.04740E-03, -3.99316E-03, -3.93046E-03, -3.86148E-03, -3.78801E-03, -3.71153E-03, -3.63319E-03, -3.55394E-03, -3.47449E-03, -3.39542E-03, -3.31717E-03, -3.24005E-03, -3.16430E-03, -3.09011E-03, -3.01757E-03, -2.94678E-03, -2.87777E-03,
  5.37501E-03,  5.59232E-03,  5.82438E-03,  6.07291E-03,  6.33995E-03,  6.62784E-03,  6.93934E-03,  7.27765E-03,  7.64646E-03,  8.05008E-03,  8.49343E-03,  8.98210E-03,  9.52237E-03,  1.01211E-02,  1.07856E-02,  1.15232E-02,  1.23405E-02,  1.32427E-02,  1.42317E-02,  1.53046E-02,  1.64508E-02,  1.76496E-02,  1.88672E-02,  2.00552E-02,  2.11508E-02,  2.20809E-02,  2.27699E-02,  2.31524E-02,  2.31875E-02,  2.28703E-02,  2.22371E-02,  2.13607E-02,  2.03373E-02,  1.92692E-02,  1.82500E-02,  1.73542E-02,  1.66341E-02,  1.61222E-02,  1.58354E-02,  1.57800E-02,  1.59544E-02,  1.63486E-02,  1.69423E-02,  1.76994E-02,  1.85639E-02,  1.94572E-02,  2.02818E-02,  2.09308E-02,  2.13034E-02,  2.13227E-02,  2.09488E-02,  2.01851E-02,  1.90732E-02,  1.76819E-02,  1.60924E-02,  1.43859E-02,  1.26342E-02,  1.08958E-02,  9.21413E-03,  7.61969E-03,  6.13176E-03,  4.76118E-03,  3.51261E-03,  2.38638E-03,  1.37985E-03,  4.88426E-04, -2.93774E-04, -9.73482E-04, -1.55796E-03, -2.05479E-03, -2.47170E-03, -2.81640E-03, -3.09649E-03, -3.31934E-03, -3.49195E-03, -3.62092E-03, -3.71237E-03, -3.77186E-03, -3.80445E-03, -3.81461E-03, -3.80629E-03, -3.78292E-03, -3.74747E-03, -3.70244E-03, -3.64998E-03, -3.59185E-03, -3.52954E-03, -3.46425E-03, -3.39697E-03, -3.32850E-03, -3.25948E-03, -3.19041E-03, -3.12170E-03, -3.05365E-03, -2.98651E-03, -2.92044E-03, -2.85559E-03, -2.79204E-03,
  5.22910E-03,  5.43640E-03,  5.65744E-03,  5.89375E-03,  6.14711E-03,  6.41955E-03,  6.71339E-03,  7.03131E-03,  7.37631E-03,  7.75182E-03,  8.16161E-03,  8.60986E-03,  9.10101E-03,  9.63972E-03,  1.02305E-02,  1.08775E-02,  1.15837E-02,  1.23503E-02,  1.31754E-02,  1.40527E-02,  1.49702E-02,  1.59082E-02,  1.68387E-02,  1.77245E-02,  1.85213E-02,  1.91804E-02,  1.96548E-02,  1.99068E-02,  1.99153E-02,  1.96822E-02,  1.92340E-02,  1.86189E-02,  1.78993E-02,  1.71424E-02,  1.64112E-02,  1.57586E-02,  1.52240E-02,  1.48339E-02,  1.46036E-02,  1.45394E-02,  1.46397E-02,  1.48952E-02,  1.52874E-02,  1.57865E-02,  1.63498E-02,  1.69210E-02,  1.74336E-02,  1.78169E-02,  1.80051E-02,  1.79472E-02,  1.76148E-02,  1.70054E-02,  1.61410E-02,  1.50624E-02,  1.38212E-02,  1.24721E-02,  1.10668E-02,  9.65014E-03,  8.25819E-03,  6.91832E-03,  5.64992E-03,  4.46575E-03,  3.37330E-03,  2.37608E-03,  1.47459E-03,  6.67227E-04, -4.91964E-05, -6.78956E-04, -1.22711E-03, -1.69923E-03, -2.10123E-03, -2.43919E-03, -2.71923E-03, -2.94736E-03, -3.12941E-03, -3.27093E-03, -3.37714E-03, -3.45287E-03, -3.50251E-03, -3.53005E-03, -3.53904E-03, -3.53261E-03, -3.51349E-03, -3.48405E-03, -3.44631E-03, -3.40201E-03, -3.35261E-03, -3.29931E-03, -3.24314E-03, -3.18494E-03, -3.12538E-03, -3.06503E-03, -3.00435E-03, -2.94370E-03, -2.88336E-03, -2.82356E-03, -2.76450E-03, -2.70629E-03,
  5.08479E-03,  5.28210E-03,  5.49210E-03,  5.71615E-03,  5.95576E-03,  6.21267E-03,  6.48880E-03,  6.78633E-03,  7.10766E-03,  7.45543E-03,  7.83248E-03,  8.24179E-03,  8.68639E-03,  9.16921E-03,  9.69281E-03,  1.02590E-02,  1.08686E-02,  1.15202E-02,  1.22100E-02,  1.29308E-02,  1.36706E-02,  1.44124E-02,  1.51337E-02,  1.58068E-02,  1.64003E-02,  1.68816E-02,  1.72212E-02,  1.73966E-02,  1.73974E-02,  1.72276E-02,  1.69068E-02,  1.64679E-02,  1.59529E-02,  1.54070E-02,  1.48738E-02,  1.43909E-02,  1.39877E-02,  1.36851E-02,  1.34954E-02,  1.34242E-02,  1.34699E-02,  1.36245E-02,  1.38726E-02,  1.41906E-02,  1.45462E-02,  1.48989E-02,  1.52023E-02,  1.54085E-02,  1.54730E-02,  1.53610E-02,  1.50520E-02,  1.45417E-02,  1.38419E-02,  1.29774E-02,  1.19817E-02,  1.08922E-02,  9.74603E-03,  8.57708E-03,  7.41435E-03,  6.28118E-03,  5.19538E-03,  4.16976E-03,  3.21290E-03,  2.32997E-03,  1.52341E-03,  7.93580E-04,  1.39234E-04, -4.42067E-04, -9.53657E-04, -1.39952E-03, -1.78408E-03, -2.11206E-03, -2.38832E-03, -2.61774E-03, -2.80512E-03, -2.95512E-03, -3.07215E-03, -3.16037E-03, -3.22360E-03, -3.26534E-03, -3.28877E-03, -3.29671E-03, -3.29167E-03, -3.27584E-03, -3.25113E-03, -3.21920E-03, -3.18146E-03, -3.13911E-03, -3.09316E-03, -3.04448E-03, -2.99377E-03, -2.94163E-03, -2.88856E-03, -2.83494E-03, -2.78112E-03, -2.72737E-03, -2.67389E-03, -2.62087E-03,
  4.94214E-03,  5.12952E-03,  5.32855E-03,  5.54040E-03,  5.76634E-03,  6.00780E-03,  6.26639E-03,  6.54382E-03,  6.84197E-03,  7.16281E-03,  7.50840E-03,  7.88078E-03,  8.28188E-03,  8.71337E-03,  9.17641E-03,  9.67136E-03,  1.01974E-02,  1.07521E-02,  1.13308E-02,  1.19261E-02,  1.25273E-02,  1.31203E-02,  1.36875E-02,  1.42082E-02,  1.46603E-02,  1.50218E-02,  1.52738E-02,  1.54029E-02,  1.54039E-02,  1.52814E-02,  1.50500E-02,  1.47327E-02,  1.43583E-02,  1.39584E-02,  1.35633E-02,  1.32002E-02,  1.28909E-02,  1.26510E-02,  1.24907E-02,  1.24140E-02,  1.24197E-02,  1.25012E-02,  1.26462E-02,  1.28362E-02,  1.30470E-02,  1.32494E-02,  1.34104E-02,  1.34966E-02,  1.34775E-02,  1.33286E-02,  1.30349E-02,  1.25921E-02,  1.20064E-02,  1.12936E-02,  1.04756E-02,  9.57837E-03,  8.62873E-03,  7.65226E-03,  6.67183E-03,  5.70678E-03,  4.77266E-03,  3.88142E-03,  3.04170E-03,  2.25933E-03,  1.53782E-03,  8.78769E-04,  2.82256E-04, -2.52825E-04, -7.28502E-04, -1.14750E-03, -1.51307E-03, -1.82880E-03, -2.09851E-03, -2.32612E-03, -2.51557E-03, -2.67072E-03, -2.79530E-03, -2.89284E-03, -2.96667E-03, -3.01984E-03, -3.05517E-03, -3.07518E-03, -3.08217E-03, -3.07813E-03, -3.06486E-03, -3.04391E-03, -3.01663E-03, -2.98419E-03, -2.94759E-03, -2.90767E-03, -2.86518E-03, -2.82071E-03, -2.77478E-03, -2.72783E-03, -2.68021E-03, -2.63222E-03, -2.58412E-03, -2.53609E-03,
  4.80127E-03,  4.97884E-03,  5.16704E-03,  5.36683E-03,  5.57928E-03,  5.80558E-03,  6.04698E-03,  6.30484E-03,  6.58057E-03,  6.87560E-03,  7.19135E-03,  7.52914E-03,  7.89008E-03,  8.27491E-03,  8.68385E-03,  9.11634E-03,  9.57072E-03,  1.00440E-02,  1.05313E-02,  1.10258E-02,  1.15184E-02,  1.19976E-02,  1.24496E-02,  1.28594E-02,  1.32110E-02,  1.34896E-02,  1.36829E-02,  1.37827E-02,  1.37868E-02,  1.36994E-02,  1.35314E-02,  1.32993E-02,  1.30234E-02,  1.27258E-02,  1.24284E-02,  1.21506E-02,  1.19085E-02,  1.17140E-02,  1.15749E-02,  1.14942E-02,  1.14709E-02,  1.14997E-02,  1.15708E-02,  1.16701E-02,  1.17795E-02,  1.18775E-02,  1.19407E-02,  1.19452E-02,  1.18695E-02,  1.16964E-02,  1.14148E-02,  1.10207E-02,  1.05176E-02,  9.91557E-03,  9.22946E-03,  8.47748E-03,  7.67916E-03,  6.85380E-03,  6.01930E-03,  5.19144E-03,  4.38344E-03,  3.60594E-03,  2.86708E-03,  2.17277E-03,  1.52699E-03,  9.32029E-04,  3.88847E-04, -1.02731E-04, -5.43769E-04, -9.36029E-04, -1.28181E-03, -1.58381E-03, -1.84497E-03, -2.06843E-03, -2.25738E-03, -2.41500E-03, -2.54442E-03, -2.64865E-03, -2.73053E-03, -2.79274E-03, -2.83774E-03, -2.86779E-03, -2.88494E-03, -2.89104E-03, -2.88773E-03, -2.87645E-03, -2.85849E-03, -2.83496E-03, -2.80683E-03, -2.77494E-03, -2.74001E-03, -2.70266E-03, -2.66342E-03, -2.62273E-03, -2.58097E-03, -2.53846E-03, -2.49548E-03, -2.45225E-03,
  4.66234E-03,  4.83027E-03,  5.00782E-03,  5.19580E-03,  5.39508E-03,  5.60660E-03,  5.83134E-03,  6.07034E-03,  6.32462E-03,  6.59518E-03,  6.88294E-03,  7.18866E-03,  7.51284E-03,  7.85561E-03,  8.21656E-03,  8.59457E-03,  8.98760E-03,  9.39246E-03,  9.80459E-03,  1.02179E-02,  1.06248E-02,  1.10160E-02,  1.13809E-02,  1.17084E-02,  1.19871E-02,  1.22068E-02,  1.23593E-02,  1.24398E-02,  1.24474E-02,  1.23858E-02,  1.22632E-02,  1.20915E-02,  1.18853E-02,  1.16604E-02,  1.14325E-02,  1.12159E-02,  1.10223E-02,  1.08609E-02,  1.07372E-02,  1.06538E-02,  1.06097E-02,  1.06006E-02,  1.06189E-02,  1.06540E-02,  1.06922E-02,  1.07177E-02,  1.07134E-02,  1.06623E-02,  1.05491E-02,  1.03612E-02,  1.00904E-02,  9.73363E-03,  9.29266E-03,  8.77408E-03,  8.18823E-03,  7.54808E-03,  6.86797E-03,  6.16254E-03,  5.44578E-03,  4.73042E-03,  4.02753E-03,  3.34633E-03,  2.69419E-03,  2.07676E-03,  1.49809E-03,  9.60821E-04,  4.66428E-04,  1.53696E-05, -3.92722E-04, -7.58885E-04, -1.08468E-03, -1.37208E-03, -1.62334E-03, -1.84091E-03, -2.02737E-03, -2.18534E-03, -2.31741E-03, -2.42612E-03, -2.51391E-03, -2.58309E-03, -2.63583E-03, -2.67411E-03, -2.69978E-03, -2.71451E-03, -2.71979E-03, -2.71697E-03, -2.70725E-03, -2.69168E-03, -2.67119E-03, -2.64660E-03, -2.61861E-03, -2.58783E-03, -2.55479E-03, -2.51995E-03, -2.48370E-03, -2.44637E-03, -2.40825E-03, -2.36958E-03,
  4.52550E-03,  4.68402E-03,  4.85119E-03,  5.02767E-03,  5.21416E-03,  5.41140E-03,  5.62014E-03,  5.84113E-03,  6.07508E-03,  6.32266E-03,  6.58438E-03,  6.86060E-03,  7.15140E-03,  7.45648E-03,  7.77506E-03,  8.10573E-03,  8.44631E-03,  8.79370E-03,  9.14379E-03,  9.49134E-03,  9.82999E-03,  1.01524E-02,  1.04506E-02,  1.07160E-02,  1.09407E-02,  1.11174E-02,  1.12408E-02,  1.13077E-02,  1.13182E-02,  1.12753E-02,  1.11852E-02,  1.10566E-02,  1.09002E-02,  1.07273E-02,  1.05494E-02,  1.03770E-02,  1.02187E-02,  1.00814E-02,  9.96933E-03,  9.88423E-03,  9.82534E-03,  9.78927E-03,  9.77018E-03,  9.75988E-03,  9.74816E-03,  9.72331E-03,  9.67285E-03,  9.58442E-03,  9.44685E-03,  9.25110E-03,  8.99111E-03,  8.66432E-03,  8.27177E-03,  7.81793E-03,  7.31008E-03,  6.75763E-03,  6.17125E-03,  5.56210E-03,  4.94113E-03,  4.31857E-03,  3.70359E-03,  3.10406E-03,  2.52650E-03,  1.97607E-03,  1.45669E-03,  9.71109E-04,  5.21077E-04,  1.07454E-04, -2.69645E-04, -6.10717E-04, -9.16765E-04, -1.18918E-03, -1.42967E-03, -1.64013E-03, -1.82261E-03, -1.97925E-03, -2.11220E-03, -2.22359E-03, -2.31549E-03, -2.38989E-03, -2.44868E-03, -2.49362E-03, -2.52634E-03, -2.54834E-03, -2.56098E-03, -2.56551E-03, -2.56303E-03, -2.55453E-03, -2.54089E-03, -2.52289E-03, -2.50121E-03, -2.47646E-03, -2.44915E-03, -2.41975E-03, -2.38865E-03, -2.35618E-03, -2.32265E-03, -2.28832E-03,
  4.39095E-03,  4.54031E-03,  4.69740E-03,  4.86277E-03,  5.03694E-03,  5.22049E-03,  5.41397E-03,  5.61789E-03,  5.83273E-03,  6.05887E-03,  6.29655E-03,  6.54582E-03,  6.80646E-03,  7.07793E-03,  7.35922E-03,  7.64881E-03,  7.94457E-03,  8.24361E-03,  8.54231E-03,  8.83622E-03,  9.12016E-03,  9.38831E-03,  9.63447E-03,  9.85237E-03,  1.00361E-02,  1.01806E-02,  1.02823E-02,  1.03392E-02,  1.03516E-02,  1.03221E-02,  1.02553E-02,  1.01576E-02,  1.00369E-02,  9.90155E-03,  9.75986E-03,  9.61956E-03,  9.48717E-03,  9.36771E-03,  9.26438E-03,  9.17848E-03,  9.10933E-03,  9.05430E-03,  9.00886E-03,  8.96678E-03,  8.92037E-03,  8.86092E-03,  8.77922E-03,  8.66623E-03,  8.51378E-03,  8.31526E-03,  8.06620E-03,  7.76461E-03,  7.41111E-03,  7.00881E-03,  6.56299E-03,  6.08057E-03,  5.56959E-03,  5.03863E-03,  4.49628E-03,  3.95078E-03,  3.40965E-03,  2.87957E-03,  2.36617E-03,  1.87411E-03,  1.40702E-03,  9.67613E-04,  5.57730E-04,  1.78474E-04, -1.69713E-04, -4.86944E-04, -7.73795E-04, -1.03122E-03, -1.26045E-03, -1.46296E-03, -1.64038E-03, -1.79441E-03, -1.92683E-03, -2.03942E-03, -2.13393E-03, -2.21208E-03, -2.27549E-03, -2.32571E-03, -2.36418E-03, -2.39225E-03, -2.41114E-03, -2.42200E-03, -2.42583E-03, -2.42356E-03, -2.41602E-03, -2.40395E-03, -2.38800E-03, -2.36875E-03, -2.34671E-03, -2.32233E-03, -2.29601E-03, -2.26810E-03, -2.23888E-03, -2.20863E-03,
  4.25884E-03,  4.39934E-03,  4.54672E-03,  4.70139E-03,  4.86378E-03,  5.03428E-03,  5.21329E-03,  5.40115E-03,  5.59813E-03,  5.80441E-03,  6.02001E-03,  6.24478E-03,  6.47831E-03,  6.71989E-03,  6.96843E-03,  7.22243E-03,  7.47984E-03,  7.73809E-03,  7.99403E-03,  8.24394E-03,  8.48360E-03,  8.70840E-03,  8.91355E-03,  9.09434E-03,  9.24644E-03,  9.36623E-03,  9.45120E-03,  9.50018E-03,  9.51357E-03,  9.49338E-03,  9.44316E-03,  9.36774E-03,  9.27283E-03,  9.16463E-03,  9.04931E-03,  8.93257E-03,  8.81929E-03,  8.71319E-03,  8.61669E-03,  8.53071E-03,  8.45468E-03,  8.38656E-03,  8.32285E-03,  8.25880E-03,  8.18861E-03,  8.10577E-03,  8.00345E-03,  7.87499E-03,  7.71438E-03,  7.51677E-03,  7.27885E-03,  6.99914E-03,  6.67802E-03,  6.31777E-03,  5.92227E-03,  5.49672E-03,  5.04725E-03,  4.58050E-03,  4.10326E-03,  3.62217E-03,  3.14341E-03,  2.67256E-03,  2.21450E-03,  1.77331E-03,  1.35230E-03,  9.54035E-04,  5.80367E-04,  2.32511E-04, -8.88847E-05, -3.83663E-04, -6.52085E-04, -8.94760E-04, -1.11257E-03, -1.30663E-03, -1.47819E-03, -1.62865E-03, -1.75944E-03, -1.87204E-03, -1.96794E-03, -2.04859E-03, -2.11540E-03, -2.16972E-03, -2.21281E-03, -2.24588E-03, -2.27003E-03, -2.28629E-03, -2.29559E-03, -2.29879E-03, -2.29665E-03, -2.28987E-03, -2.27908E-03, -2.26482E-03, -2.24760E-03, -2.22785E-03, -2.20597E-03, -2.18228E-03, -2.15710E-03, -2.13069E-03,
